set (gca,'PlotBoxAspectRatio',[1 1 1],'Xlim',[0,0.02],'Ylim',[0,0.02])
hold on
title('Malha(100X100) Dt(0.0001 s) tempo(3 s)') 
hold on
ylabel('metros') 
hold on 
xlabel('metros') 
hold on 
fill([0.001375 0.001375 0.0013 0.0013],[-0.0193 -0.019275 -0.019275 -0.0193],[0.6 0.5 0.4],'LineStyle','none')
fill([0.0014 0.0014 0.001275 0.001275],[-0.019275 -0.01925 -0.01925 -0.019275],[0.6 0.5 0.4],'LineStyle','none')
fill([0.001425 0.001425 0.0012 0.0012],[-0.01925 -0.019225 -0.019225 -0.01925],[0.6 0.5 0.4],'LineStyle','none')
fill([0.001425 0.001425 0.00115 0.00115],[-0.019225 -0.0192 -0.0192 -0.019225],[0.6 0.5 0.4],'LineStyle','none')
fill([0.00145 0.00145 0.001125 0.001125],[-0.0192 -0.019175 -0.019175 -0.0192],[0.6 0.5 0.4],'LineStyle','none')
fill([0.001475 0.001475 0.0011 0.0011],[-0.019175 -0.01915 -0.01915 -0.019175],[0.6 0.5 0.4],'LineStyle','none')
fill([0.001475 0.001475 0.00105 0.00105],[-0.01915 -0.019125 -0.019125 -0.01915],[0.6 0.5 0.4],'LineStyle','none')
fill([0.0015 0.0015 0.001025 0.001025],[-0.019125 -0.0191 -0.0191 -0.019125],[0.6 0.5 0.4],'LineStyle','none')
fill([0.0015 0.0015 0.000975 0.000975],[-0.0191 -0.019075 -0.019075 -0.0191],[0.6 0.5 0.4],'LineStyle','none')
fill([0.001525 0.001525 0.000925 0.000925],[-0.019075 -0.01905 -0.01905 -0.019075],[0.6 0.5 0.4],'LineStyle','none')
fill([0.001525 0.001525 0.000875 0.000875],[-0.01905 -0.019025 -0.019025 -0.01905],[0.6 0.5 0.4],'LineStyle','none')
fill([0.00155 0.00155 0.000825 0.000825],[-0.019025 -0.019 -0.019 -0.019025],[0.6 0.5 0.4],'LineStyle','none')
fill([0.001575 0.001575 0.000775 0.000775],[-0.019 -0.018975 -0.018975 -0.019],[0.6 0.5 0.4],'LineStyle','none')
fill([0.001575 0.001575 0.00075 0.00075],[-0.018975 -0.01895 -0.01895 -0.018975],[0.6 0.5 0.4],'LineStyle','none')
fill([0.0016 0.0016 0.000725 0.000725],[-0.01895 -0.018925 -0.018925 -0.01895],[0.6 0.5 0.4],'LineStyle','none')
fill([0.0016 0.0016 0.0007 0.0007],[-0.018925 -0.0189 -0.0189 -0.018925],[0.6 0.5 0.4],'LineStyle','none')
fill([0.00075 0.00075 0.000675 0.000675],[-0.0189 -0.018875 -0.018875 -0.0189],[0.6 0.5 0.4],'LineStyle','none')
fill([0.001625 0.001625 0.0008 0.0008],[-0.0189 -0.018875 -0.018875 -0.0189],[0.6 0.5 0.4],'LineStyle','none')
fill([0.000825 0.000825 0.0007 0.0007],[-0.018875 -0.01885 -0.01885 -0.018875],[0.6 0.5 0.4],'LineStyle','none')
fill([0.001625 0.001625 0.0009 0.0009],[-0.018875 -0.01885 -0.01885 -0.018875],[0.6 0.5 0.4],'LineStyle','none')
fill([0.000925 0.000925 0.000725 0.000725],[-0.01885 -0.018825 -0.018825 -0.01885],[0.6 0.5 0.4],'LineStyle','none')
fill([0.00165 0.00165 0.001 0.001],[-0.01885 -0.018825 -0.018825 -0.01885],[0.6 0.5 0.4],'LineStyle','none')
fill([0.001025 0.001025 0.000725 0.000725],[-0.018825 -0.0188 -0.0188 -0.018825],[0.6 0.5 0.4],'LineStyle','none')
fill([0.0011 0.0011 0.001075 0.001075],[-0.018825 -0.0188 -0.0188 -0.018825],[0.6 0.5 0.4],'LineStyle','none')
fill([0.001625 0.001625 0.001125 0.001125],[-0.018825 -0.0188 -0.0188 -0.018825],[0.6 0.5 0.4],'LineStyle','none')
fill([0.0011 0.0011 0.00075 0.00075],[-0.0188 -0.018775 -0.018775 -0.0188],[0.6 0.5 0.4],'LineStyle','none')
fill([0.001625 0.001625 0.001175 0.001175],[-0.0188 -0.018775 -0.018775 -0.0188],[0.6 0.5 0.4],'LineStyle','none')
fill([0.001625 0.001625 0.00075 0.00075],[-0.018775 -0.01875 -0.01875 -0.018775],[0.6 0.5 0.4],'LineStyle','none')
fill([0.0016 0.0016 0.000775 0.000775],[-0.01875 -0.018725 -0.018725 -0.01875],[0.6 0.5 0.4],'LineStyle','none')
fill([0.001575 0.001575 0.0008 0.0008],[-0.018725 -0.0187 -0.0187 -0.018725],[0.6 0.5 0.4],'LineStyle','none')
fill([0.001575 0.001575 0.0008 0.0008],[-0.0187 -0.018675 -0.018675 -0.0187],[0.6 0.5 0.4],'LineStyle','none')
fill([0.00155 0.00155 0.000825 0.000825],[-0.018675 -0.01865 -0.01865 -0.018675],[0.6 0.5 0.4],'LineStyle','none')
fill([0.0015 0.0015 0.000825 0.000825],[-0.01865 -0.018625 -0.018625 -0.01865],[0.6 0.5 0.4],'LineStyle','none')
fill([0.0015 0.0015 0.00085 0.00085],[-0.018625 -0.0186 -0.0186 -0.018625],[0.6 0.5 0.4],'LineStyle','none')
fill([0.001475 0.001475 0.00085 0.00085],[-0.0186 -0.018575 -0.018575 -0.0186],[0.6 0.5 0.4],'LineStyle','none')
fill([0.00145 0.00145 0.000875 0.000875],[-0.018575 -0.01855 -0.01855 -0.018575],[0.6 0.5 0.4],'LineStyle','none')
fill([0.00145 0.00145 0.0009 0.0009],[-0.01855 -0.018525 -0.018525 -0.01855],[0.6 0.5 0.4],'LineStyle','none')
fill([0.001425 0.001425 0.0009 0.0009],[-0.018525 -0.0185 -0.0185 -0.018525],[0.6 0.5 0.4],'LineStyle','none')
fill([0.00145 0.00145 0.000925 0.000925],[-0.0185 -0.018475 -0.018475 -0.0185],[0.6 0.5 0.4],'LineStyle','none')
fill([0.00115 0.00115 0.000925 0.000925],[-0.018475 -0.01845 -0.01845 -0.018475],[0.6 0.5 0.4],'LineStyle','none')
fill([0.001425 0.001425 0.001175 0.001175],[-0.018475 -0.01845 -0.01845 -0.018475],[0.6 0.5 0.4],'LineStyle','none')
fill([0.001425 0.001425 0.00095 0.00095],[-0.01845 -0.018425 -0.018425 -0.01845],[0.6 0.5 0.4],'LineStyle','none')
fill([0.0014 0.0014 0.00095 0.00095],[-0.018425 -0.0184 -0.0184 -0.018425],[0.6 0.5 0.4],'LineStyle','none')
fill([0.001375 0.001375 0.000975 0.000975],[-0.0184 -0.018375 -0.018375 -0.0184],[0.6 0.5 0.4],'LineStyle','none')
fill([0.001375 0.001375 0.001 0.001],[-0.018375 -0.01835 -0.01835 -0.018375],[0.6 0.5 0.4],'LineStyle','none')
fill([0.00115 0.00115 0.001 0.001],[-0.01835 -0.018325 -0.018325 -0.01835],[0.8 0.1 0.4],'LineStyle','none')
fill([0.00135 0.00135 0.00115 0.00115],[-0.01835 -0.018325 -0.018325 -0.01835],[0.6 0.5 0.4],'LineStyle','none')
fill([0.001325 0.001325 0.001025 0.001025],[-0.018325 -0.0183 -0.0183 -0.018325],[0.6 0.5 0.4],'LineStyle','none')
fill([0.0011 0.0011 0.001025 0.001025],[-0.0183 -0.018275 -0.018275 -0.0183],[0.6 0.5 0.4],'LineStyle','none')
fill([0.001325 0.001325 0.001125 0.001125],[-0.0183 -0.018275 -0.018275 -0.0183],[0.6 0.5 0.4],'LineStyle','none')
fill([0.0011 0.0011 0.00105 0.00105],[-0.018275 -0.01825 -0.01825 -0.018275],[0.6 0.5 0.4],'LineStyle','none')
fill([0.0013 0.0013 0.001125 0.001125],[-0.018275 -0.01825 -0.01825 -0.018275],[0.6 0.5 0.4],'LineStyle','none')
fill([0.0011 0.0011 0.00105 0.00105],[-0.01825 -0.018225 -0.018225 -0.01825],[0.6 0.5 0.4],'LineStyle','none')
fill([0.001275 0.001275 0.00115 0.00115],[-0.01825 -0.018225 -0.018225 -0.01825],[0.6 0.5 0.4],'LineStyle','none')
fill([0.00125 0.00125 0.00115 0.00115],[-0.018225 -0.0182 -0.0182 -0.018225],[0.6 0.5 0.4],'LineStyle','none')
fill([0.001225 0.001225 0.001175 0.001175],[-0.0182 -0.018175 -0.018175 -0.0182],[0.6 0.5 0.4],'LineStyle','none')
