set (gca,'PlotBoxAspectRatio',[1 1 1],'Xlim',[0,0.02],'Ylim',[0,0.02])
hold on
title('Malha(100X100) Dt(0.01 s) tempo(10.01 s)') 
hold on
ylabel('metros') 
hold on 
xlabel('metros') 
hold on 
fill([0.0015 0.0015 0.00147 0.00147],[-0.01904 -0.01901 -0.01901 -0.01904],[0.4 0.5 0.4],'LineStyle','none')
fill([0.00147 0.00147 0.00144 0.00144],[-0.01901 -0.01898 -0.01898 -0.01901],[0.4 0.5 0.4],'LineStyle','none')
fill([0.0015 0.0015 0.00147 0.00147],[-0.01901 -0.01898 -0.01898 -0.01901],[0.4 0.5 0.4],'LineStyle','none')
fill([0.00153 0.00153 0.0015 0.0015],[-0.01901 -0.01898 -0.01898 -0.01901],[0.4 0.5 0.4],'LineStyle','none')
fill([0.00144 0.00144 0.00141 0.00141],[-0.01898 -0.01895 -0.01895 -0.01898],[0.4 0.5 0.4],'LineStyle','none')
fill([0.00147 0.00147 0.00144 0.00144],[-0.01898 -0.01895 -0.01895 -0.01898],[0.4 0.5 0.4],'LineStyle','none')
fill([0.00156 0.00156 0.00153 0.00153],[-0.01898 -0.01895 -0.01895 -0.01898],[0.4 0.5 0.4],'LineStyle','none')
fill([0.00144 0.00144 0.00141 0.00141],[-0.01895 -0.01892 -0.01892 -0.01895],[0.4 0.5 0.4],'LineStyle','none')
fill([0.00156 0.00156 0.00153 0.00153],[-0.01895 -0.01892 -0.01892 -0.01895],[0.4 0.5 0.4],'LineStyle','none')
fill([0.00159 0.00159 0.00156 0.00156],[-0.01895 -0.01892 -0.01892 -0.01895],[0.4 0.5 0.4],'LineStyle','none')
fill([0.00141 0.00141 0.00138 0.00138],[-0.01892 -0.01889 -0.01889 -0.01892],[0.4 0.5 0.4],'LineStyle','none')
fill([0.00159 0.00159 0.00156 0.00156],[-0.01892 -0.01889 -0.01889 -0.01892],[0.4 0.5 0.4],'LineStyle','none')
fill([0.00138 0.00138 0.00135 0.00135],[-0.01889 -0.01886 -0.01886 -0.01889],[0.4 0.5 0.4],'LineStyle','none')
fill([0.00162 0.00162 0.00159 0.00159],[-0.01889 -0.01886 -0.01886 -0.01889],[0.4 0.5 0.4],'LineStyle','none')
fill([0.00135 0.00135 0.00132 0.00132],[-0.01886 -0.01883 -0.01883 -0.01886],[0.4 0.5 0.4],'LineStyle','none')
fill([0.00138 0.00138 0.00135 0.00135],[-0.01886 -0.01883 -0.01883 -0.01886],[0.4 0.5 0.4],'LineStyle','none')
fill([0.00162 0.00162 0.00159 0.00159],[-0.01886 -0.01883 -0.01883 -0.01886],[0.4 0.5 0.4],'LineStyle','none')
fill([0.00165 0.00165 0.00162 0.00162],[-0.01886 -0.01883 -0.01883 -0.01886],[0.4 0.5 0.4],'LineStyle','none')
fill([0.00135 0.00135 0.00132 0.00132],[-0.01883 -0.0188 -0.0188 -0.01883],[0.4 0.5 0.4],'LineStyle','none')
fill([0.00165 0.00165 0.00162 0.00162],[-0.01883 -0.0188 -0.0188 -0.01883],[0.4 0.5 0.4],'LineStyle','none')
fill([0.00132 0.00132 0.00129 0.00129],[-0.0188 -0.01877 -0.01877 -0.0188],[0.4 0.5 0.4],'LineStyle','none')
fill([0.00168 0.00168 0.00165 0.00165],[-0.0188 -0.01877 -0.01877 -0.0188],[0.4 0.5 0.4],'LineStyle','none')
fill([0.00129 0.00129 0.00126 0.00126],[-0.01877 -0.01874 -0.01874 -0.01877],[0.4 0.5 0.4],'LineStyle','none')
fill([0.00132 0.00132 0.00129 0.00129],[-0.01877 -0.01874 -0.01874 -0.01877],[0.4 0.5 0.4],'LineStyle','none')
fill([0.00171 0.00171 0.00168 0.00168],[-0.01877 -0.01874 -0.01874 -0.01877],[0.4 0.5 0.4],'LineStyle','none')
fill([0.00129 0.00129 0.00126 0.00126],[-0.01874 -0.01871 -0.01871 -0.01874],[0.4 0.5 0.4],'LineStyle','none')
fill([0.00171 0.00171 0.00168 0.00168],[-0.01874 -0.01871 -0.01871 -0.01874],[0.4 0.5 0.4],'LineStyle','none')
fill([0.00174 0.00174 0.00171 0.00171],[-0.01874 -0.01871 -0.01871 -0.01874],[0.4 0.5 0.4],'LineStyle','none')
fill([0.00126 0.00126 0.00123 0.00123],[-0.01871 -0.01868 -0.01868 -0.01871],[0.4 0.5 0.4],'LineStyle','none')
fill([0.00174 0.00174 0.00171 0.00171],[-0.01871 -0.01868 -0.01868 -0.01871],[0.4 0.5 0.4],'LineStyle','none')
fill([0.00123 0.00123 0.0012 0.0012],[-0.01868 -0.01865 -0.01865 -0.01868],[0.4 0.5 0.4],'LineStyle','none')
fill([0.00177 0.00177 0.00174 0.00174],[-0.01868 -0.01865 -0.01865 -0.01868],[0.4 0.5 0.4],'LineStyle','none')
fill([0.0012 0.0012 0.00117 0.00117],[-0.01865 -0.01862 -0.01862 -0.01865],[0.4 0.5 0.4],'LineStyle','none')
fill([0.00123 0.00123 0.0012 0.0012],[-0.01865 -0.01862 -0.01862 -0.01865],[0.4 0.5 0.4],'LineStyle','none')
fill([0.0018 0.0018 0.00177 0.00177],[-0.01865 -0.01862 -0.01862 -0.01865],[0.4 0.5 0.4],'LineStyle','none')
fill([0.0012 0.0012 0.00117 0.00117],[-0.01862 -0.01859 -0.01859 -0.01862],[0.4 0.5 0.4],'LineStyle','none')
fill([0.0018 0.0018 0.00177 0.00177],[-0.01862 -0.01859 -0.01859 -0.01862],[0.4 0.5 0.4],'LineStyle','none')
fill([0.00117 0.00117 0.00114 0.00114],[-0.01859 -0.01856 -0.01856 -0.01859],[0.4 0.5 0.4],'LineStyle','none')
fill([0.00183 0.00183 0.0018 0.0018],[-0.01859 -0.01856 -0.01856 -0.01859],[0.4 0.5 0.4],'LineStyle','none')
fill([0.00114 0.00114 0.00111 0.00111],[-0.01856 -0.01853 -0.01853 -0.01856],[0.4 0.5 0.4],'LineStyle','none')
fill([0.00117 0.00117 0.00114 0.00114],[-0.01856 -0.01853 -0.01853 -0.01856],[0.4 0.5 0.4],'LineStyle','none')
fill([0.00186 0.00186 0.00183 0.00183],[-0.01856 -0.01853 -0.01853 -0.01856],[0.4 0.5 0.4],'LineStyle','none')
fill([0.00114 0.00114 0.00111 0.00111],[-0.01853 -0.0185 -0.0185 -0.01853],[0.4 0.5 0.4],'LineStyle','none')
fill([0.00186 0.00186 0.00183 0.00183],[-0.01853 -0.0185 -0.0185 -0.01853],[0.4 0.5 0.4],'LineStyle','none')
fill([0.00189 0.00189 0.00186 0.00186],[-0.01853 -0.0185 -0.0185 -0.01853],[0.4 0.5 0.4],'LineStyle','none')
fill([0.00111 0.00111 0.00108 0.00108],[-0.0185 -0.01847 -0.01847 -0.0185],[0.4 0.5 0.4],'LineStyle','none')
fill([0.00189 0.00189 0.00186 0.00186],[-0.0185 -0.01847 -0.01847 -0.0185],[0.4 0.5 0.4],'LineStyle','none')
fill([0.00108 0.00108 0.00105 0.00105],[-0.01847 -0.01844 -0.01844 -0.01847],[0.4 0.5 0.4],'LineStyle','none')
fill([0.00111 0.00111 0.00108 0.00108],[-0.01847 -0.01844 -0.01844 -0.01847],[0.4 0.5 0.4],'LineStyle','none')
fill([0.00192 0.00192 0.00189 0.00189],[-0.01847 -0.01844 -0.01844 -0.01847],[0.4 0.5 0.4],'LineStyle','none')
fill([0.00114 0.00114 0.00111 0.00111],[-0.01844 -0.01841 -0.01841 -0.01844],[0.4 0.5 0.4],'LineStyle','none')
fill([0.00186 0.00186 0.00183 0.00183],[-0.01844 -0.01841 -0.01841 -0.01844],[0.4 0.5 0.4],'LineStyle','none')
fill([0.00189 0.00189 0.00186 0.00186],[-0.01844 -0.01841 -0.01841 -0.01844],[0.4 0.5 0.4],'LineStyle','none')
fill([0.00117 0.00117 0.00114 0.00114],[-0.01841 -0.01838 -0.01838 -0.01841],[0.4 0.5 0.4],'LineStyle','none')
fill([0.00183 0.00183 0.0018 0.0018],[-0.01841 -0.01838 -0.01838 -0.01841],[0.4 0.5 0.4],'LineStyle','none')
fill([0.0012 0.0012 0.00117 0.00117],[-0.01838 -0.01835 -0.01835 -0.01838],[0.4 0.5 0.4],'LineStyle','none')
fill([0.0018 0.0018 0.00177 0.00177],[-0.01838 -0.01835 -0.01835 -0.01838],[0.4 0.5 0.4],'LineStyle','none')
fill([0.00123 0.00123 0.0012 0.0012],[-0.01835 -0.01832 -0.01832 -0.01835],[0.4 0.5 0.4],'LineStyle','none')
fill([0.00177 0.00177 0.00174 0.00174],[-0.01835 -0.01832 -0.01832 -0.01835],[0.4 0.5 0.4],'LineStyle','none')
fill([0.00126 0.00126 0.00123 0.00123],[-0.01832 -0.01829 -0.01829 -0.01832],[0.4 0.5 0.4],'LineStyle','none')
fill([0.00129 0.00129 0.00126 0.00126],[-0.01832 -0.01829 -0.01829 -0.01832],[0.4 0.5 0.4],'LineStyle','none')
fill([0.00174 0.00174 0.00171 0.00171],[-0.01832 -0.01829 -0.01829 -0.01832],[0.4 0.5 0.4],'LineStyle','none')
fill([0.00132 0.00132 0.00129 0.00129],[-0.01829 -0.01826 -0.01826 -0.01829],[0.4 0.5 0.4],'LineStyle','none')
fill([0.00168 0.00168 0.00165 0.00165],[-0.01829 -0.01826 -0.01826 -0.01829],[0.4 0.5 0.4],'LineStyle','none')
fill([0.00171 0.00171 0.00168 0.00168],[-0.01829 -0.01826 -0.01826 -0.01829],[0.4 0.5 0.4],'LineStyle','none')
fill([0.00135 0.00135 0.00132 0.00132],[-0.01826 -0.01823 -0.01823 -0.01826],[0.4 0.5 0.4],'LineStyle','none')
fill([0.00165 0.00165 0.00162 0.00162],[-0.01826 -0.01823 -0.01823 -0.01826],[0.4 0.5 0.4],'LineStyle','none')
fill([0.00138 0.00138 0.00135 0.00135],[-0.01823 -0.0182 -0.0182 -0.01823],[0.4 0.5 0.4],'LineStyle','none')
fill([0.00162 0.00162 0.00159 0.00159],[-0.01823 -0.0182 -0.0182 -0.01823],[0.4 0.5 0.4],'LineStyle','none')
fill([0.00141 0.00141 0.00138 0.00138],[-0.0182 -0.01817 -0.01817 -0.0182],[0.4 0.5 0.4],'LineStyle','none')
fill([0.00159 0.00159 0.00156 0.00156],[-0.0182 -0.01817 -0.01817 -0.0182],[0.4 0.5 0.4],'LineStyle','none')
fill([0.00144 0.00144 0.00141 0.00141],[-0.01817 -0.01814 -0.01814 -0.01817],[0.4 0.5 0.4],'LineStyle','none')
fill([0.00147 0.00147 0.00144 0.00144],[-0.01817 -0.01814 -0.01814 -0.01817],[0.4 0.5 0.4],'LineStyle','none')
fill([0.00153 0.00153 0.0015 0.0015],[-0.01817 -0.01814 -0.01814 -0.01817],[0.4 0.5 0.4],'LineStyle','none')
fill([0.00156 0.00156 0.00153 0.00153],[-0.01817 -0.01814 -0.01814 -0.01817],[0.4 0.5 0.4],'LineStyle','none')
fill([0.0015 0.0015 0.00147 0.00147],[-0.01814 -0.01811 -0.01811 -0.01814],[0.4 0.5 0.4],'LineStyle','none')
