set (gca,'PlotBoxAspectRatio',[1 1 1],'Xlim',[0,0.03],'Ylim',[0,0.03])
hold on
title('Malha(100X100) Dt(0.01 s) tempo(70.01 s)') 
hold on
ylabel('metros') 
hold on 
xlabel('metros') 
hold on 
fill([0.0117 0.0117 0.0114 0.0114],[-0.0273 -0.027 -0.027 -0.0273],[0.6 0.1 0.4],'LineStyle','none')
fill([0.012 0.012 0.0117 0.0117],[-0.0273 -0.027 -0.027 -0.0273],[0.6 0.1 0.4],'LineStyle','none')
fill([0.0114 0.0114 0.0111 0.0111],[-0.027 -0.0267 -0.0267 -0.027],[0.6 0.1 0.4],'LineStyle','none')
fill([0.0123 0.0123 0.012 0.012],[-0.027 -0.0267 -0.0267 -0.027],[0.6 0.1 0.4],'LineStyle','none')
fill([0.0126 0.0126 0.0123 0.0123],[-0.027 -0.0267 -0.0267 -0.027],[0.6 0.1 0.4],'LineStyle','none')
fill([0.0111 0.0111 0.0108 0.0108],[-0.0267 -0.0264 -0.0264 -0.0267],[0.6 0.1 0.4],'LineStyle','none')
fill([0.0129 0.0129 0.0126 0.0126],[-0.0267 -0.0264 -0.0264 -0.0267],[0.6 0.1 0.4],'LineStyle','none')
fill([0.0108 0.0108 0.0105 0.0105],[-0.0264 -0.0261 -0.0261 -0.0264],[0.6 0.1 0.4],'LineStyle','none')
fill([0.0111 0.0111 0.0108 0.0108],[-0.0264 -0.0261 -0.0261 -0.0264],[0.6 0.1 0.4],'LineStyle','none')
fill([0.0132 0.0132 0.0129 0.0129],[-0.0264 -0.0261 -0.0261 -0.0264],[0.6 0.1 0.4],'LineStyle','none')
fill([0.0108 0.0108 0.0105 0.0105],[-0.0261 -0.0258 -0.0258 -0.0261],[0.6 0.1 0.4],'LineStyle','none')
fill([0.0135 0.0135 0.0132 0.0132],[-0.0261 -0.0258 -0.0258 -0.0261],[0.6 0.1 0.4],'LineStyle','none')
fill([0.0138 0.0138 0.0135 0.0135],[-0.0261 -0.0258 -0.0258 -0.0261],[0.6 0.1 0.4],'LineStyle','none')
fill([0.0108 0.0108 0.0105 0.0105],[-0.0258 -0.0255 -0.0255 -0.0258],[0.6 0.1 0.4],'LineStyle','none')
fill([0.0141 0.0141 0.0138 0.0138],[-0.0258 -0.0255 -0.0255 -0.0258],[0.6 0.1 0.4],'LineStyle','none')
fill([0.0105 0.0105 0.0102 0.0102],[-0.0255 -0.0252 -0.0252 -0.0255],[0.6 0.1 0.4],'LineStyle','none')
fill([0.0144 0.0144 0.0141 0.0141],[-0.0255 -0.0252 -0.0252 -0.0255],[0.6 0.1 0.4],'LineStyle','none')
fill([0.0147 0.0147 0.0144 0.0144],[-0.0255 -0.0252 -0.0252 -0.0255],[0.6 0.1 0.4],'LineStyle','none')
fill([0.0105 0.0105 0.0102 0.0102],[-0.0252 -0.0249 -0.0249 -0.0252],[0.6 0.1 0.4],'LineStyle','none')
fill([0.015 0.015 0.0147 0.0147],[-0.0252 -0.0249 -0.0249 -0.0252],[0.6 0.1 0.4],'LineStyle','none')
fill([0.0102 0.0102 0.0099 0.0099],[-0.0249 -0.0246 -0.0246 -0.0249],[0.6 0.1 0.4],'LineStyle','none')
fill([0.0153 0.0153 0.015 0.015],[-0.0249 -0.0246 -0.0246 -0.0249],[0.6 0.1 0.4],'LineStyle','none')
fill([0.0105 0.0105 0.0099 0.0099],[-0.0246 -0.0243 -0.0243 -0.0246],[0.8 0.1 0.4],'LineStyle','none')
fill([0.0156 0.0156 0.0153 0.0153],[-0.0246 -0.0243 -0.0243 -0.0246],[0.6 0.1 0.4],'LineStyle','none')
fill([0.0159 0.0159 0.0156 0.0156],[-0.0246 -0.0243 -0.0243 -0.0246],[0.6 0.1 0.4],'LineStyle','none')
fill([0.0102 0.0102 0.0096 0.0096],[-0.0243 -0.024 -0.024 -0.0243],[0.8 0.1 0.4],'LineStyle','none')
fill([0.0162 0.0162 0.0159 0.0159],[-0.0243 -0.024 -0.024 -0.0243],[0.6 0.1 0.4],'LineStyle','none')
fill([0.0102 0.0102 0.0096 0.0096],[-0.024 -0.0237 -0.0237 -0.024],[0.8 0.1 0.4],'LineStyle','none')
fill([0.0165 0.0165 0.0162 0.0162],[-0.024 -0.0237 -0.0237 -0.024],[0.6 0.1 0.4],'LineStyle','none')
fill([0.0168 0.0168 0.0165 0.0165],[-0.024 -0.0237 -0.0237 -0.024],[0.6 0.1 0.4],'LineStyle','none')
fill([0.0099 0.0099 0.0093 0.0093],[-0.0237 -0.0234 -0.0234 -0.0237],[0.8 0.1 0.4],'LineStyle','none')
fill([0.0171 0.0171 0.0168 0.0168],[-0.0237 -0.0234 -0.0234 -0.0237],[0.6 0.1 0.4],'LineStyle','none')
fill([0.0099 0.0099 0.0093 0.0093],[-0.0234 -0.0231 -0.0231 -0.0234],[0.8 0.1 0.4],'LineStyle','none')
fill([0.0174 0.0174 0.0171 0.0171],[-0.0234 -0.0231 -0.0231 -0.0234],[0.6 0.1 0.4],'LineStyle','none')
fill([0.0099 0.0099 0.009 0.009],[-0.0231 -0.0228 -0.0228 -0.0231],[0.8 0.1 0.4],'LineStyle','none')
fill([0.0177 0.0177 0.0174 0.0174],[-0.0231 -0.0228 -0.0228 -0.0231],[0.6 0.1 0.4],'LineStyle','none')
fill([0.018 0.018 0.0177 0.0177],[-0.0231 -0.0228 -0.0228 -0.0231],[0.6 0.1 0.4],'LineStyle','none')
fill([0.0096 0.0096 0.009 0.009],[-0.0228 -0.0225 -0.0225 -0.0228],[0.8 0.1 0.4],'LineStyle','none')
fill([0.0183 0.0183 0.018 0.018],[-0.0228 -0.0225 -0.0225 -0.0228],[0.6 0.1 0.4],'LineStyle','none')
fill([0.0096 0.0096 0.009 0.009],[-0.0225 -0.0222 -0.0222 -0.0225],[0.8 0.1 0.4],'LineStyle','none')
fill([0.0186 0.0186 0.0183 0.0183],[-0.0225 -0.0222 -0.0222 -0.0225],[0.6 0.1 0.4],'LineStyle','none')
fill([0.0189 0.0189 0.0186 0.0186],[-0.0225 -0.0222 -0.0222 -0.0225],[0.6 0.1 0.4],'LineStyle','none')
fill([0.0093 0.0093 0.0087 0.0087],[-0.0222 -0.0219 -0.0219 -0.0222],[0.8 0.1 0.4],'LineStyle','none')
fill([0.0192 0.0192 0.0189 0.0189],[-0.0222 -0.0219 -0.0219 -0.0222],[0.6 0.1 0.4],'LineStyle','none')
fill([0.0093 0.0093 0.0087 0.0087],[-0.0219 -0.0216 -0.0216 -0.0219],[0.8 0.1 0.4],'LineStyle','none')
fill([0.0195 0.0195 0.0192 0.0192],[-0.0219 -0.0216 -0.0216 -0.0219],[0.6 0.1 0.4],'LineStyle','none')
fill([0.009 0.009 0.0084 0.0084],[-0.0216 -0.0213 -0.0213 -0.0216],[0.8 0.1 0.4],'LineStyle','none')
fill([0.0198 0.0198 0.0195 0.0195],[-0.0216 -0.0213 -0.0213 -0.0216],[0.6 0.1 0.4],'LineStyle','none')
fill([0.0201 0.0201 0.0198 0.0198],[-0.0216 -0.0213 -0.0213 -0.0216],[0.6 0.1 0.4],'LineStyle','none')
fill([0.009 0.009 0.0084 0.0084],[-0.0213 -0.021 -0.021 -0.0213],[0.8 0.1 0.4],'LineStyle','none')
fill([0.0204 0.0204 0.0201 0.0201],[-0.0213 -0.021 -0.021 -0.0213],[0.6 0.1 0.4],'LineStyle','none')
fill([0.0087 0.0087 0.0081 0.0081],[-0.021 -0.0207 -0.0207 -0.021],[0.8 0.1 0.4],'LineStyle','none')
fill([0.0207 0.0207 0.0204 0.0204],[-0.021 -0.0207 -0.0207 -0.021],[0.6 0.1 0.4],'LineStyle','none')
fill([0.021 0.021 0.0207 0.0207],[-0.021 -0.0207 -0.0207 -0.021],[0.6 0.1 0.4],'LineStyle','none')
fill([0.0087 0.0087 0.0081 0.0081],[-0.0207 -0.0204 -0.0204 -0.0207],[0.8 0.1 0.4],'LineStyle','none')
fill([0.0213 0.0213 0.021 0.021],[-0.0207 -0.0204 -0.0204 -0.0207],[0.6 0.1 0.4],'LineStyle','none')
fill([0.0084 0.0084 0.0078 0.0078],[-0.0204 -0.0201 -0.0201 -0.0204],[0.8 0.1 0.4],'LineStyle','none')
fill([0.0216 0.0216 0.0213 0.0213],[-0.0204 -0.0201 -0.0201 -0.0204],[0.6 0.1 0.4],'LineStyle','none')
fill([0.0084 0.0084 0.0078 0.0078],[-0.0201 -0.0198 -0.0198 -0.0201],[0.8 0.1 0.4],'LineStyle','none')
fill([0.0219 0.0219 0.0216 0.0216],[-0.0201 -0.0198 -0.0198 -0.0201],[0.6 0.1 0.4],'LineStyle','none')
fill([0.0222 0.0222 0.0219 0.0219],[-0.0201 -0.0198 -0.0198 -0.0201],[0.6 0.1 0.4],'LineStyle','none')
fill([0.0084 0.0084 0.0078 0.0078],[-0.0198 -0.0195 -0.0195 -0.0198],[0.8 0.1 0.4],'LineStyle','none')
fill([0.0225 0.0225 0.0222 0.0222],[-0.0198 -0.0195 -0.0195 -0.0198],[0.6 0.1 0.4],'LineStyle','none')
fill([0.0081 0.0081 0.0075 0.0075],[-0.0195 -0.0192 -0.0192 -0.0195],[0.8 0.1 0.4],'LineStyle','none')
fill([0.0228 0.0228 0.0225 0.0225],[-0.0195 -0.0192 -0.0192 -0.0195],[0.6 0.1 0.4],'LineStyle','none')
fill([0.0231 0.0231 0.0228 0.0228],[-0.0195 -0.0192 -0.0192 -0.0195],[0.6 0.1 0.4],'LineStyle','none')
fill([0.0081 0.0081 0.0075 0.0075],[-0.0192 -0.0189 -0.0189 -0.0192],[0.8 0.1 0.4],'LineStyle','none')
fill([0.0234 0.0234 0.0231 0.0231],[-0.0192 -0.0189 -0.0189 -0.0192],[0.6 0.1 0.4],'LineStyle','none')
fill([0.0078 0.0078 0.0072 0.0072],[-0.0189 -0.0186 -0.0186 -0.0189],[0.8 0.1 0.4],'LineStyle','none')
fill([0.0237 0.0237 0.0234 0.0234],[-0.0189 -0.0186 -0.0186 -0.0189],[0.6 0.1 0.4],'LineStyle','none')
fill([0.0078 0.0078 0.0072 0.0072],[-0.0186 -0.0183 -0.0183 -0.0186],[0.8 0.1 0.4],'LineStyle','none')
fill([0.024 0.024 0.0237 0.0237],[-0.0186 -0.0183 -0.0183 -0.0186],[0.6 0.1 0.4],'LineStyle','none')
fill([0.0243 0.0243 0.024 0.024],[-0.0186 -0.0183 -0.0183 -0.0186],[0.6 0.1 0.4],'LineStyle','none')
fill([0.0075 0.0075 0.0069 0.0069],[-0.0183 -0.018 -0.018 -0.0183],[0.8 0.1 0.4],'LineStyle','none')
fill([0.0246 0.0246 0.0243 0.0243],[-0.0183 -0.018 -0.018 -0.0183],[0.6 0.1 0.4],'LineStyle','none')
fill([0.0075 0.0075 0.0069 0.0069],[-0.018 -0.0177 -0.0177 -0.018],[0.8 0.1 0.4],'LineStyle','none')
fill([0.0249 0.0249 0.0246 0.0246],[-0.018 -0.0177 -0.0177 -0.018],[0.6 0.1 0.4],'LineStyle','none')
fill([0.0072 0.0072 0.0066 0.0066],[-0.0177 -0.0174 -0.0174 -0.0177],[0.8 0.1 0.4],'LineStyle','none')
fill([0.0249 0.0249 0.0246 0.0246],[-0.0177 -0.0174 -0.0174 -0.0177],[0.6 0.1 0.4],'LineStyle','none')
fill([0.0072 0.0072 0.0066 0.0066],[-0.0174 -0.0171 -0.0171 -0.0174],[0.8 0.1 0.4],'LineStyle','none')
fill([0.0246 0.0246 0.0243 0.0243],[-0.0174 -0.0171 -0.0171 -0.0174],[0.6 0.1 0.4],'LineStyle','none')
fill([0.0249 0.0249 0.0246 0.0246],[-0.0174 -0.0171 -0.0171 -0.0174],[0.6 0.1 0.4],'LineStyle','none')
fill([0.0072 0.0072 0.0066 0.0066],[-0.0171 -0.0168 -0.0168 -0.0171],[0.8 0.1 0.4],'LineStyle','none')
fill([0.0246 0.0246 0.0243 0.0243],[-0.0171 -0.0168 -0.0168 -0.0171],[0.6 0.1 0.4],'LineStyle','none')
fill([0.0069 0.0069 0.0063 0.0063],[-0.0168 -0.0165 -0.0165 -0.0168],[0.8 0.1 0.4],'LineStyle','none')
fill([0.0246 0.0246 0.0243 0.0243],[-0.0168 -0.0165 -0.0165 -0.0168],[0.6 0.1 0.4],'LineStyle','none')
fill([0.0069 0.0069 0.0063 0.0063],[-0.0165 -0.0162 -0.0162 -0.0165],[0.8 0.1 0.4],'LineStyle','none')
fill([0.0243 0.0243 0.024 0.024],[-0.0165 -0.0162 -0.0162 -0.0165],[0.6 0.1 0.4],'LineStyle','none')
fill([0.0066 0.0066 0.006 0.006],[-0.0162 -0.0159 -0.0159 -0.0162],[0.8 0.1 0.4],'LineStyle','none')
fill([0.0243 0.0243 0.024 0.024],[-0.0162 -0.0159 -0.0159 -0.0162],[0.6 0.1 0.4],'LineStyle','none')
fill([0.0066 0.0066 0.006 0.006],[-0.0159 -0.0156 -0.0156 -0.0159],[0.8 0.1 0.4],'LineStyle','none')
fill([0.024 0.024 0.0237 0.0237],[-0.0159 -0.0156 -0.0156 -0.0159],[0.6 0.1 0.4],'LineStyle','none')
fill([0.0063 0.0063 0.0057 0.0057],[-0.0156 -0.0153 -0.0153 -0.0156],[0.8 0.1 0.4],'LineStyle','none')
fill([0.024 0.024 0.0237 0.0237],[-0.0156 -0.0153 -0.0153 -0.0156],[0.6 0.1 0.4],'LineStyle','none')
fill([0.0063 0.0063 0.0057 0.0057],[-0.0153 -0.015 -0.015 -0.0153],[0.8 0.1 0.4],'LineStyle','none')
fill([0.0237 0.0237 0.0234 0.0234],[-0.0153 -0.015 -0.015 -0.0153],[0.6 0.1 0.4],'LineStyle','none')
fill([0.006 0.006 0.0054 0.0054],[-0.015 -0.0147 -0.0147 -0.015],[0.8 0.1 0.4],'LineStyle','none')
fill([0.0237 0.0237 0.0234 0.0234],[-0.015 -0.0147 -0.0147 -0.015],[0.6 0.1 0.4],'LineStyle','none')
fill([0.006 0.006 0.0054 0.0054],[-0.0147 -0.0144 -0.0144 -0.0147],[0.8 0.1 0.4],'LineStyle','none')
fill([0.0234 0.0234 0.0231 0.0231],[-0.0147 -0.0144 -0.0144 -0.0147],[0.6 0.1 0.4],'LineStyle','none')
fill([0.0057 0.0057 0.0051 0.0051],[-0.0144 -0.0141 -0.0141 -0.0144],[0.8 0.1 0.4],'LineStyle','none')
fill([0.0234 0.0234 0.0231 0.0231],[-0.0144 -0.0141 -0.0141 -0.0144],[0.6 0.1 0.4],'LineStyle','none')
fill([0.0057 0.0057 0.0051 0.0051],[-0.0141 -0.0138 -0.0138 -0.0141],[0.8 0.1 0.4],'LineStyle','none')
fill([0.0234 0.0234 0.0231 0.0231],[-0.0141 -0.0138 -0.0138 -0.0141],[0.6 0.1 0.4],'LineStyle','none')
fill([0.0057 0.0057 0.0051 0.0051],[-0.0138 -0.0135 -0.0135 -0.0138],[0.8 0.1 0.4],'LineStyle','none')
fill([0.0231 0.0231 0.0228 0.0228],[-0.0138 -0.0135 -0.0135 -0.0138],[0.6 0.1 0.4],'LineStyle','none')
fill([0.0054 0.0054 0.0048 0.0048],[-0.0135 -0.0132 -0.0132 -0.0135],[0.8 0.1 0.4],'LineStyle','none')
fill([0.0231 0.0231 0.0228 0.0228],[-0.0135 -0.0132 -0.0132 -0.0135],[0.6 0.1 0.4],'LineStyle','none')
fill([0.0054 0.0054 0.0048 0.0048],[-0.0132 -0.0129 -0.0129 -0.0132],[0.8 0.1 0.4],'LineStyle','none')
fill([0.0228 0.0228 0.0225 0.0225],[-0.0132 -0.0129 -0.0129 -0.0132],[0.6 0.1 0.4],'LineStyle','none')
fill([0.0051 0.0051 0.0045 0.0045],[-0.0129 -0.0126 -0.0126 -0.0129],[0.8 0.1 0.4],'LineStyle','none')
fill([0.0228 0.0228 0.0225 0.0225],[-0.0129 -0.0126 -0.0126 -0.0129],[0.6 0.1 0.4],'LineStyle','none')
fill([0.0051 0.0051 0.0045 0.0045],[-0.0126 -0.0123 -0.0123 -0.0126],[0.8 0.1 0.4],'LineStyle','none')
fill([0.0225 0.0225 0.0222 0.0222],[-0.0126 -0.0123 -0.0123 -0.0126],[0.6 0.1 0.4],'LineStyle','none')
fill([0.0054 0.0054 0.0045 0.0045],[-0.0123 -0.012 -0.012 -0.0123],[0.8 0.1 0.4],'LineStyle','none')
fill([0.0225 0.0225 0.0222 0.0222],[-0.0123 -0.012 -0.012 -0.0123],[0.6 0.1 0.4],'LineStyle','none')
fill([0.0057 0.0057 0.0051 0.0051],[-0.012 -0.0117 -0.0117 -0.012],[0.8 0.1 0.4],'LineStyle','none')
fill([0.0222 0.0222 0.0219 0.0219],[-0.012 -0.0117 -0.0117 -0.012],[0.6 0.1 0.4],'LineStyle','none')
fill([0.0063 0.0063 0.0054 0.0054],[-0.0117 -0.0114 -0.0114 -0.0117],[0.8 0.1 0.4],'LineStyle','none')
fill([0.0222 0.0222 0.0219 0.0219],[-0.0117 -0.0114 -0.0114 -0.0117],[0.6 0.1 0.4],'LineStyle','none')
fill([0.0066 0.0066 0.006 0.006],[-0.0114 -0.0111 -0.0111 -0.0114],[0.8 0.1 0.4],'LineStyle','none')
fill([0.0222 0.0222 0.0219 0.0219],[-0.0114 -0.0111 -0.0111 -0.0114],[0.6 0.1 0.4],'LineStyle','none')
fill([0.0069 0.0069 0.0063 0.0063],[-0.0111 -0.0108 -0.0108 -0.0111],[0.8 0.1 0.4],'LineStyle','none')
fill([0.0219 0.0219 0.0216 0.0216],[-0.0111 -0.0108 -0.0108 -0.0111],[0.6 0.1 0.4],'LineStyle','none')
fill([0.0075 0.0075 0.0066 0.0066],[-0.0108 -0.0105 -0.0105 -0.0108],[0.8 0.1 0.4],'LineStyle','none')
fill([0.0219 0.0219 0.0216 0.0216],[-0.0108 -0.0105 -0.0105 -0.0108],[0.6 0.1 0.4],'LineStyle','none')
fill([0.0078 0.0078 0.0072 0.0072],[-0.0105 -0.0102 -0.0102 -0.0105],[0.8 0.1 0.4],'LineStyle','none')
fill([0.0216 0.0216 0.0213 0.0213],[-0.0105 -0.0102 -0.0102 -0.0105],[0.6 0.1 0.4],'LineStyle','none')
fill([0.0084 0.0084 0.0075 0.0075],[-0.0102 -0.0099 -0.0099 -0.0102],[0.8 0.1 0.4],'LineStyle','none')
fill([0.0216 0.0216 0.0213 0.0213],[-0.0102 -0.0099 -0.0099 -0.0102],[0.6 0.1 0.4],'LineStyle','none')
fill([0.0087 0.0087 0.0078 0.0078],[-0.0099 -0.0096 -0.0096 -0.0099],[0.8 0.1 0.4],'LineStyle','none')
fill([0.0213 0.0213 0.021 0.021],[-0.0099 -0.0096 -0.0096 -0.0099],[0.6 0.1 0.4],'LineStyle','none')
fill([0.009 0.009 0.0084 0.0084],[-0.0096 -0.0093 -0.0093 -0.0096],[0.8 0.1 0.4],'LineStyle','none')
fill([0.0213 0.0213 0.021 0.021],[-0.0096 -0.0093 -0.0093 -0.0096],[0.6 0.1 0.4],'LineStyle','none')
fill([0.0096 0.0096 0.0087 0.0087],[-0.0093 -0.009 -0.009 -0.0093],[0.8 0.1 0.4],'LineStyle','none')
fill([0.021 0.021 0.0207 0.0207],[-0.0093 -0.009 -0.009 -0.0093],[0.6 0.1 0.4],'LineStyle','none')
fill([0.0099 0.0099 0.0093 0.0093],[-0.009 -0.0087 -0.0087 -0.009],[0.8 0.1 0.4],'LineStyle','none')
fill([0.021 0.021 0.0207 0.0207],[-0.009 -0.0087 -0.0087 -0.009],[0.6 0.1 0.4],'LineStyle','none')
fill([0.0102 0.0102 0.0096 0.0096],[-0.0087 -0.0084 -0.0084 -0.0087],[0.8 0.1 0.4],'LineStyle','none')
fill([0.0207 0.0207 0.0204 0.0204],[-0.0087 -0.0084 -0.0084 -0.0087],[0.6 0.1 0.4],'LineStyle','none')
fill([0.021 0.021 0.0207 0.0207],[-0.0087 -0.0084 -0.0084 -0.0087],[0.6 0.1 0.4],'LineStyle','none')
fill([0.0108 0.0108 0.0099 0.0099],[-0.0084 -0.0081 -0.0081 -0.0084],[0.8 0.1 0.4],'LineStyle','none')
fill([0.0207 0.0207 0.0204 0.0204],[-0.0084 -0.0081 -0.0081 -0.0084],[0.6 0.1 0.4],'LineStyle','none')
fill([0.0111 0.0111 0.0105 0.0105],[-0.0081 -0.0078 -0.0078 -0.0081],[0.8 0.1 0.4],'LineStyle','none')
fill([0.0207 0.0207 0.0204 0.0204],[-0.0081 -0.0078 -0.0078 -0.0081],[0.6 0.1 0.4],'LineStyle','none')
fill([0.0117 0.0117 0.0108 0.0108],[-0.0078 -0.0075 -0.0075 -0.0078],[0.8 0.1 0.4],'LineStyle','none')
fill([0.0204 0.0204 0.0201 0.0201],[-0.0078 -0.0075 -0.0075 -0.0078],[0.6 0.1 0.4],'LineStyle','none')
fill([0.012 0.012 0.0114 0.0114],[-0.0075 -0.0072 -0.0072 -0.0075],[0.8 0.1 0.4],'LineStyle','none')
fill([0.0204 0.0204 0.0201 0.0201],[-0.0075 -0.0072 -0.0072 -0.0075],[0.6 0.1 0.4],'LineStyle','none')
fill([0.0123 0.0123 0.0117 0.0117],[-0.0072 -0.0069 -0.0069 -0.0072],[0.8 0.1 0.4],'LineStyle','none')
fill([0.0201 0.0201 0.0198 0.0198],[-0.0072 -0.0069 -0.0069 -0.0072],[0.6 0.1 0.4],'LineStyle','none')
fill([0.0129 0.0129 0.012 0.012],[-0.0069 -0.0066 -0.0066 -0.0069],[0.8 0.1 0.4],'LineStyle','none')
fill([0.0201 0.0201 0.0198 0.0198],[-0.0069 -0.0066 -0.0066 -0.0069],[0.6 0.1 0.4],'LineStyle','none')
fill([0.0132 0.0132 0.0126 0.0126],[-0.0066 -0.0063 -0.0063 -0.0066],[0.8 0.1 0.4],'LineStyle','none')
fill([0.0198 0.0198 0.0195 0.0195],[-0.0066 -0.0063 -0.0063 -0.0066],[0.6 0.1 0.4],'LineStyle','none')
fill([0.0135 0.0135 0.0129 0.0129],[-0.0063 -0.006 -0.006 -0.0063],[0.8 0.1 0.4],'LineStyle','none')
fill([0.0198 0.0198 0.0195 0.0195],[-0.0063 -0.006 -0.006 -0.0063],[0.6 0.1 0.4],'LineStyle','none')
fill([0.0141 0.0141 0.0132 0.0132],[-0.006 -0.0057 -0.0057 -0.006],[0.8 0.1 0.4],'LineStyle','none')
fill([0.0195 0.0195 0.0192 0.0192],[-0.006 -0.0057 -0.0057 -0.006],[0.6 0.1 0.4],'LineStyle','none')
fill([0.0144 0.0144 0.0138 0.0138],[-0.0057 -0.0054 -0.0054 -0.0057],[0.8 0.1 0.4],'LineStyle','none')
fill([0.0195 0.0195 0.0192 0.0192],[-0.0057 -0.0054 -0.0054 -0.0057],[0.6 0.1 0.4],'LineStyle','none')
fill([0.015 0.015 0.0141 0.0141],[-0.0054 -0.0051 -0.0051 -0.0054],[0.8 0.1 0.4],'LineStyle','none')
fill([0.0195 0.0195 0.0192 0.0192],[-0.0054 -0.0051 -0.0051 -0.0054],[0.6 0.1 0.4],'LineStyle','none')
fill([0.0156 0.0156 0.0147 0.0147],[-0.0051 -0.0048 -0.0048 -0.0051],[0.8 0.1 0.4],'LineStyle','none')
fill([0.0192 0.0192 0.0189 0.0189],[-0.0051 -0.0048 -0.0048 -0.0051],[0.6 0.1 0.4],'LineStyle','none')
fill([0.0156 0.0156 0.0153 0.0153],[-0.0048 -0.0045 -0.0045 -0.0048],[0.6 0.1 0.4],'LineStyle','none')
fill([0.0192 0.0192 0.0189 0.0189],[-0.0048 -0.0045 -0.0045 -0.0048],[0.6 0.1 0.4],'LineStyle','none')
fill([0.0159 0.0159 0.0156 0.0156],[-0.0045 -0.0042 -0.0042 -0.0045],[0.6 0.1 0.4],'LineStyle','none')
fill([0.0162 0.0162 0.0159 0.0159],[-0.0045 -0.0042 -0.0042 -0.0045],[0.6 0.1 0.4],'LineStyle','none')
fill([0.0189 0.0189 0.0186 0.0186],[-0.0045 -0.0042 -0.0042 -0.0045],[0.6 0.1 0.4],'LineStyle','none')
fill([0.0165 0.0165 0.0162 0.0162],[-0.0042 -0.0039 -0.0039 -0.0042],[0.6 0.1 0.4],'LineStyle','none')
fill([0.0189 0.0189 0.0186 0.0186],[-0.0042 -0.0039 -0.0039 -0.0042],[0.6 0.1 0.4],'LineStyle','none')
fill([0.0168 0.0168 0.0165 0.0165],[-0.0039 -0.0036 -0.0036 -0.0039],[0.6 0.1 0.4],'LineStyle','none')
fill([0.0186 0.0186 0.0183 0.0183],[-0.0039 -0.0036 -0.0036 -0.0039],[0.6 0.1 0.4],'LineStyle','none')
fill([0.0171 0.0171 0.0168 0.0168],[-0.0036 -0.0033 -0.0033 -0.0036],[0.6 0.1 0.4],'LineStyle','none')
fill([0.0174 0.0174 0.0171 0.0171],[-0.0036 -0.0033 -0.0033 -0.0036],[0.6 0.1 0.4],'LineStyle','none')
fill([0.0186 0.0186 0.0183 0.0183],[-0.0036 -0.0033 -0.0033 -0.0036],[0.6 0.1 0.4],'LineStyle','none')
fill([0.0177 0.0177 0.0174 0.0174],[-0.0033 -0.003 -0.003 -0.0033],[0.6 0.1 0.4],'LineStyle','none')
fill([0.018 0.018 0.0177 0.0177],[-0.0033 -0.003 -0.003 -0.0033],[0.6 0.1 0.4],'LineStyle','none')
fill([0.0183 0.0183 0.018 0.018],[-0.0033 -0.003 -0.003 -0.0033],[0.6 0.1 0.4],'LineStyle','none')
fill([0.0183 0.0183 0.018 0.018],[-0.003 -0.0027 -0.0027 -0.003],[0.6 0.1 0.4],'LineStyle','none')
