set (gca,'PlotBoxAspectRatio',[1 1 1],'Xlim',[0,0.03],'Ylim',[0,0.03])
hold on
title('Malha(100X100) Dt(0.01 s) tempo(7.01 s)') 
hold on
ylabel('metros') 
hold on 
xlabel('metros') 
hold on 
fill([0.0049 0.0049 0.0048 0.0048],[-0.0263 -0.0262 -0.0262 -0.0263],[0.4 0.5 0.4],'LineStyle','none')
fill([0.0051 0.0051 0.005 0.005],[-0.0263 -0.0262 -0.0262 -0.0263],[0.4 0.5 0.4],'LineStyle','none')
fill([0.0048 0.0048 0.0047 0.0047],[-0.0262 -0.0261 -0.0261 -0.0262],[0.4 0.5 0.4],'LineStyle','none')
fill([0.0049 0.0049 0.0048 0.0048],[-0.0262 -0.0261 -0.0261 -0.0262],[0.4 0.5 0.4],'LineStyle','none')
fill([0.005 0.005 0.0049 0.0049],[-0.0262 -0.0261 -0.0261 -0.0262],[0.4 0.5 0.4],'LineStyle','none')
fill([0.0051 0.0051 0.005 0.005],[-0.0262 -0.0261 -0.0261 -0.0262],[0.4 0.5 0.4],'LineStyle','none')
fill([0.0052 0.0052 0.0051 0.0051],[-0.0262 -0.0261 -0.0261 -0.0262],[0.4 0.5 0.4],'LineStyle','none')
fill([0.0047 0.0047 0.0046 0.0046],[-0.0261 -0.026 -0.026 -0.0261],[0.4 0.5 0.4],'LineStyle','none')
fill([0.0048 0.0048 0.0047 0.0047],[-0.0261 -0.026 -0.026 -0.0261],[0.4 0.5 0.4],'LineStyle','none')
fill([0.0049 0.0049 0.0048 0.0048],[-0.0261 -0.026 -0.026 -0.0261],[0.4 0.5 0.4],'LineStyle','none')
fill([0.005 0.005 0.0049 0.0049],[-0.0261 -0.026 -0.026 -0.0261],[0.4 0.5 0.4],'LineStyle','none')
fill([0.0051 0.0051 0.005 0.005],[-0.0261 -0.026 -0.026 -0.0261],[0.4 0.5 0.4],'LineStyle','none')
fill([0.0052 0.0052 0.0051 0.0051],[-0.0261 -0.026 -0.026 -0.0261],[0.4 0.5 0.4],'LineStyle','none')
fill([0.0053 0.0053 0.0052 0.0052],[-0.0261 -0.026 -0.026 -0.0261],[0.4 0.5 0.4],'LineStyle','none')
fill([0.0054 0.0054 0.0053 0.0053],[-0.0261 -0.026 -0.026 -0.0261],[0.4 0.5 0.4],'LineStyle','none')
fill([0.0046 0.0046 0.0045 0.0045],[-0.026 -0.0259 -0.0259 -0.026],[0.4 0.5 0.4],'LineStyle','none')
fill([0.0047 0.0047 0.0046 0.0046],[-0.026 -0.0259 -0.0259 -0.026],[0.4 0.5 0.4],'LineStyle','none')
fill([0.0048 0.0048 0.0047 0.0047],[-0.026 -0.0259 -0.0259 -0.026],[0.4 0.5 0.4],'LineStyle','none')
fill([0.0049 0.0049 0.0048 0.0048],[-0.026 -0.0259 -0.0259 -0.026],[0.4 0.5 0.4],'LineStyle','none')
fill([0.005 0.005 0.0049 0.0049],[-0.026 -0.0259 -0.0259 -0.026],[0.4 0.5 0.4],'LineStyle','none')
fill([0.0051 0.0051 0.005 0.005],[-0.026 -0.0259 -0.0259 -0.026],[0.4 0.5 0.4],'LineStyle','none')
fill([0.0052 0.0052 0.0051 0.0051],[-0.026 -0.0259 -0.0259 -0.026],[0.4 0.5 0.4],'LineStyle','none')
fill([0.0053 0.0053 0.0052 0.0052],[-0.026 -0.0259 -0.0259 -0.026],[0.4 0.5 0.4],'LineStyle','none')
fill([0.0054 0.0054 0.0053 0.0053],[-0.026 -0.0259 -0.0259 -0.026],[0.4 0.5 0.4],'LineStyle','none')
fill([0.0055 0.0055 0.0054 0.0054],[-0.026 -0.0259 -0.0259 -0.026],[0.4 0.5 0.4],'LineStyle','none')
fill([0.0045 0.0045 0.0044 0.0044],[-0.0259 -0.0258 -0.0258 -0.0259],[0.4 0.5 0.4],'LineStyle','none')
fill([0.0046 0.0046 0.0045 0.0045],[-0.0259 -0.0258 -0.0258 -0.0259],[0.4 0.5 0.4],'LineStyle','none')
fill([0.0047 0.0047 0.0046 0.0046],[-0.0259 -0.0258 -0.0258 -0.0259],[0.4 0.5 0.4],'LineStyle','none')
fill([0.0048 0.0048 0.0047 0.0047],[-0.0259 -0.0258 -0.0258 -0.0259],[0.4 0.5 0.4],'LineStyle','none')
fill([0.0049 0.0049 0.0048 0.0048],[-0.0259 -0.0258 -0.0258 -0.0259],[0.4 0.5 0.4],'LineStyle','none')
fill([0.005 0.005 0.0049 0.0049],[-0.0259 -0.0258 -0.0258 -0.0259],[0.4 0.5 0.4],'LineStyle','none')
fill([0.0051 0.0051 0.005 0.005],[-0.0259 -0.0258 -0.0258 -0.0259],[0.4 0.5 0.4],'LineStyle','none')
fill([0.0052 0.0052 0.0051 0.0051],[-0.0259 -0.0258 -0.0258 -0.0259],[0.4 0.5 0.4],'LineStyle','none')
fill([0.0053 0.0053 0.0052 0.0052],[-0.0259 -0.0258 -0.0258 -0.0259],[0.4 0.5 0.4],'LineStyle','none')
fill([0.0054 0.0054 0.0053 0.0053],[-0.0259 -0.0258 -0.0258 -0.0259],[0.4 0.5 0.4],'LineStyle','none')
fill([0.0055 0.0055 0.0054 0.0054],[-0.0259 -0.0258 -0.0258 -0.0259],[0.4 0.5 0.4],'LineStyle','none')
fill([0.0056 0.0056 0.0055 0.0055],[-0.0259 -0.0258 -0.0258 -0.0259],[0.4 0.5 0.4],'LineStyle','none')
fill([0.0044 0.0044 0.0043 0.0043],[-0.0258 -0.0257 -0.0257 -0.0258],[0.4 0.5 0.4],'LineStyle','none')
fill([0.0045 0.0045 0.0044 0.0044],[-0.0258 -0.0257 -0.0257 -0.0258],[0.4 0.5 0.4],'LineStyle','none')
fill([0.0046 0.0046 0.0045 0.0045],[-0.0258 -0.0257 -0.0257 -0.0258],[0.4 0.5 0.4],'LineStyle','none')
fill([0.0047 0.0047 0.0046 0.0046],[-0.0258 -0.0257 -0.0257 -0.0258],[0.4 0.5 0.4],'LineStyle','none')
fill([0.0048 0.0048 0.0047 0.0047],[-0.0258 -0.0257 -0.0257 -0.0258],[0.4 0.5 0.4],'LineStyle','none')
fill([0.0049 0.0049 0.0048 0.0048],[-0.0258 -0.0257 -0.0257 -0.0258],[0.4 0.5 0.4],'LineStyle','none')
fill([0.005 0.005 0.0049 0.0049],[-0.0258 -0.0257 -0.0257 -0.0258],[0.4 0.5 0.4],'LineStyle','none')
fill([0.0051 0.0051 0.005 0.005],[-0.0258 -0.0257 -0.0257 -0.0258],[0.4 0.5 0.4],'LineStyle','none')
fill([0.0052 0.0052 0.0051 0.0051],[-0.0258 -0.0257 -0.0257 -0.0258],[0.4 0.5 0.4],'LineStyle','none')
fill([0.0053 0.0053 0.0052 0.0052],[-0.0258 -0.0257 -0.0257 -0.0258],[0.4 0.5 0.4],'LineStyle','none')
fill([0.0054 0.0054 0.0053 0.0053],[-0.0258 -0.0257 -0.0257 -0.0258],[0.4 0.5 0.4],'LineStyle','none')
fill([0.0055 0.0055 0.0054 0.0054],[-0.0258 -0.0257 -0.0257 -0.0258],[0.4 0.5 0.4],'LineStyle','none')
fill([0.0056 0.0056 0.0055 0.0055],[-0.0258 -0.0257 -0.0257 -0.0258],[0.4 0.5 0.4],'LineStyle','none')
fill([0.0057 0.0057 0.0056 0.0056],[-0.0258 -0.0257 -0.0257 -0.0258],[0.4 0.5 0.4],'LineStyle','none')
fill([0.0043 0.0043 0.0042 0.0042],[-0.0257 -0.0256 -0.0256 -0.0257],[0.4 0.5 0.4],'LineStyle','none')
fill([0.0044 0.0044 0.0043 0.0043],[-0.0257 -0.0256 -0.0256 -0.0257],[0.4 0.5 0.4],'LineStyle','none')
fill([0.0045 0.0045 0.0044 0.0044],[-0.0257 -0.0256 -0.0256 -0.0257],[0.4 0.5 0.4],'LineStyle','none')
fill([0.0046 0.0046 0.0045 0.0045],[-0.0257 -0.0256 -0.0256 -0.0257],[0.4 0.5 0.4],'LineStyle','none')
fill([0.0047 0.0047 0.0046 0.0046],[-0.0257 -0.0256 -0.0256 -0.0257],[0.4 0.5 0.4],'LineStyle','none')
fill([0.0048 0.0048 0.0047 0.0047],[-0.0257 -0.0256 -0.0256 -0.0257],[0.4 0.5 0.4],'LineStyle','none')
fill([0.0049 0.0049 0.0048 0.0048],[-0.0257 -0.0256 -0.0256 -0.0257],[0.4 0.5 0.4],'LineStyle','none')
fill([0.005 0.005 0.0049 0.0049],[-0.0257 -0.0256 -0.0256 -0.0257],[0.4 0.5 0.4],'LineStyle','none')
fill([0.0051 0.0051 0.005 0.005],[-0.0257 -0.0256 -0.0256 -0.0257],[0.4 0.5 0.4],'LineStyle','none')
fill([0.0052 0.0052 0.0051 0.0051],[-0.0257 -0.0256 -0.0256 -0.0257],[0.4 0.5 0.4],'LineStyle','none')
fill([0.0053 0.0053 0.0052 0.0052],[-0.0257 -0.0256 -0.0256 -0.0257],[0.4 0.5 0.4],'LineStyle','none')
fill([0.0054 0.0054 0.0053 0.0053],[-0.0257 -0.0256 -0.0256 -0.0257],[0.4 0.5 0.4],'LineStyle','none')
fill([0.0055 0.0055 0.0054 0.0054],[-0.0257 -0.0256 -0.0256 -0.0257],[0.4 0.5 0.4],'LineStyle','none')
fill([0.0056 0.0056 0.0055 0.0055],[-0.0257 -0.0256 -0.0256 -0.0257],[0.4 0.5 0.4],'LineStyle','none')
fill([0.0057 0.0057 0.0056 0.0056],[-0.0257 -0.0256 -0.0256 -0.0257],[0.4 0.5 0.4],'LineStyle','none')
fill([0.0058 0.0058 0.0057 0.0057],[-0.0257 -0.0256 -0.0256 -0.0257],[0.4 0.5 0.4],'LineStyle','none')
fill([0.0042 0.0042 0.0041 0.0041],[-0.0256 -0.0255 -0.0255 -0.0256],[0.4 0.5 0.4],'LineStyle','none')
fill([0.0043 0.0043 0.0042 0.0042],[-0.0256 -0.0255 -0.0255 -0.0256],[0.4 0.5 0.4],'LineStyle','none')
fill([0.0044 0.0044 0.0043 0.0043],[-0.0256 -0.0255 -0.0255 -0.0256],[0.4 0.5 0.4],'LineStyle','none')
fill([0.0045 0.0045 0.0044 0.0044],[-0.0256 -0.0255 -0.0255 -0.0256],[0.4 0.5 0.4],'LineStyle','none')
fill([0.0046 0.0046 0.0045 0.0045],[-0.0256 -0.0255 -0.0255 -0.0256],[0.4 0.5 0.4],'LineStyle','none')
fill([0.0047 0.0047 0.0046 0.0046],[-0.0256 -0.0255 -0.0255 -0.0256],[0.4 0.5 0.4],'LineStyle','none')
fill([0.0048 0.0048 0.0047 0.0047],[-0.0256 -0.0255 -0.0255 -0.0256],[0.4 0.5 0.4],'LineStyle','none')
fill([0.0049 0.0049 0.0048 0.0048],[-0.0256 -0.0255 -0.0255 -0.0256],[0.4 0.5 0.4],'LineStyle','none')
fill([0.005 0.005 0.0049 0.0049],[-0.0256 -0.0255 -0.0255 -0.0256],[0.4 0.5 0.4],'LineStyle','none')
fill([0.0051 0.0051 0.005 0.005],[-0.0256 -0.0255 -0.0255 -0.0256],[0.4 0.5 0.4],'LineStyle','none')
fill([0.0052 0.0052 0.0051 0.0051],[-0.0256 -0.0255 -0.0255 -0.0256],[0.4 0.5 0.4],'LineStyle','none')
fill([0.0053 0.0053 0.0052 0.0052],[-0.0256 -0.0255 -0.0255 -0.0256],[0.4 0.5 0.4],'LineStyle','none')
fill([0.0054 0.0054 0.0053 0.0053],[-0.0256 -0.0255 -0.0255 -0.0256],[0.4 0.5 0.4],'LineStyle','none')
fill([0.0055 0.0055 0.0054 0.0054],[-0.0256 -0.0255 -0.0255 -0.0256],[0.4 0.5 0.4],'LineStyle','none')
fill([0.0056 0.0056 0.0055 0.0055],[-0.0256 -0.0255 -0.0255 -0.0256],[0.4 0.5 0.4],'LineStyle','none')
fill([0.0057 0.0057 0.0056 0.0056],[-0.0256 -0.0255 -0.0255 -0.0256],[0.4 0.5 0.4],'LineStyle','none')
fill([0.0058 0.0058 0.0057 0.0057],[-0.0256 -0.0255 -0.0255 -0.0256],[0.4 0.5 0.4],'LineStyle','none')
fill([0.0059 0.0059 0.0058 0.0058],[-0.0256 -0.0255 -0.0255 -0.0256],[0.4 0.5 0.4],'LineStyle','none')
fill([0.0041 0.0041 0.004 0.004],[-0.0255 -0.0254 -0.0254 -0.0255],[0.4 0.5 0.4],'LineStyle','none')
fill([0.0042 0.0042 0.0041 0.0041],[-0.0255 -0.0254 -0.0254 -0.0255],[0.4 0.5 0.4],'LineStyle','none')
fill([0.0043 0.0043 0.0042 0.0042],[-0.0255 -0.0254 -0.0254 -0.0255],[0.4 0.5 0.4],'LineStyle','none')
fill([0.0044 0.0044 0.0043 0.0043],[-0.0255 -0.0254 -0.0254 -0.0255],[0.4 0.5 0.4],'LineStyle','none')
fill([0.0045 0.0045 0.0044 0.0044],[-0.0255 -0.0254 -0.0254 -0.0255],[0.4 0.5 0.4],'LineStyle','none')
fill([0.0046 0.0046 0.0045 0.0045],[-0.0255 -0.0254 -0.0254 -0.0255],[0.4 0.5 0.4],'LineStyle','none')
fill([0.0047 0.0047 0.0046 0.0046],[-0.0255 -0.0254 -0.0254 -0.0255],[0.4 0.5 0.4],'LineStyle','none')
fill([0.0048 0.0048 0.0047 0.0047],[-0.0255 -0.0254 -0.0254 -0.0255],[0.4 0.5 0.4],'LineStyle','none')
fill([0.0049 0.0049 0.0048 0.0048],[-0.0255 -0.0254 -0.0254 -0.0255],[0.4 0.5 0.4],'LineStyle','none')
fill([0.005 0.005 0.0049 0.0049],[-0.0255 -0.0254 -0.0254 -0.0255],[0.4 0.5 0.4],'LineStyle','none')
fill([0.0051 0.0051 0.005 0.005],[-0.0255 -0.0254 -0.0254 -0.0255],[0.4 0.5 0.4],'LineStyle','none')
fill([0.0052 0.0052 0.0051 0.0051],[-0.0255 -0.0254 -0.0254 -0.0255],[0.4 0.5 0.4],'LineStyle','none')
fill([0.0053 0.0053 0.0052 0.0052],[-0.0255 -0.0254 -0.0254 -0.0255],[0.4 0.5 0.4],'LineStyle','none')
fill([0.0054 0.0054 0.0053 0.0053],[-0.0255 -0.0254 -0.0254 -0.0255],[0.4 0.5 0.4],'LineStyle','none')
fill([0.0055 0.0055 0.0054 0.0054],[-0.0255 -0.0254 -0.0254 -0.0255],[0.4 0.5 0.4],'LineStyle','none')
fill([0.0056 0.0056 0.0055 0.0055],[-0.0255 -0.0254 -0.0254 -0.0255],[0.4 0.5 0.4],'LineStyle','none')
fill([0.0057 0.0057 0.0056 0.0056],[-0.0255 -0.0254 -0.0254 -0.0255],[0.4 0.5 0.4],'LineStyle','none')
fill([0.0058 0.0058 0.0057 0.0057],[-0.0255 -0.0254 -0.0254 -0.0255],[0.4 0.5 0.4],'LineStyle','none')
fill([0.0059 0.0059 0.0058 0.0058],[-0.0255 -0.0254 -0.0254 -0.0255],[0.4 0.5 0.4],'LineStyle','none')
fill([0.006 0.006 0.0059 0.0059],[-0.0255 -0.0254 -0.0254 -0.0255],[0.4 0.5 0.4],'LineStyle','none')
fill([0.004 0.004 0.0039 0.0039],[-0.0254 -0.0253 -0.0253 -0.0254],[0.4 0.5 0.4],'LineStyle','none')
fill([0.0041 0.0041 0.004 0.004],[-0.0254 -0.0253 -0.0253 -0.0254],[0.4 0.5 0.4],'LineStyle','none')
fill([0.0042 0.0042 0.0041 0.0041],[-0.0254 -0.0253 -0.0253 -0.0254],[0.4 0.5 0.4],'LineStyle','none')
fill([0.0043 0.0043 0.0042 0.0042],[-0.0254 -0.0253 -0.0253 -0.0254],[0.4 0.5 0.4],'LineStyle','none')
fill([0.0044 0.0044 0.0043 0.0043],[-0.0254 -0.0253 -0.0253 -0.0254],[0.4 0.5 0.4],'LineStyle','none')
fill([0.0045 0.0045 0.0044 0.0044],[-0.0254 -0.0253 -0.0253 -0.0254],[0.4 0.5 0.4],'LineStyle','none')
fill([0.0046 0.0046 0.0045 0.0045],[-0.0254 -0.0253 -0.0253 -0.0254],[0.4 0.5 0.4],'LineStyle','none')
fill([0.0047 0.0047 0.0046 0.0046],[-0.0254 -0.0253 -0.0253 -0.0254],[0.4 0.5 0.4],'LineStyle','none')
fill([0.0048 0.0048 0.0047 0.0047],[-0.0254 -0.0253 -0.0253 -0.0254],[0.4 0.5 0.4],'LineStyle','none')
fill([0.0049 0.0049 0.0048 0.0048],[-0.0254 -0.0253 -0.0253 -0.0254],[0.4 0.5 0.4],'LineStyle','none')
fill([0.005 0.005 0.0049 0.0049],[-0.0254 -0.0253 -0.0253 -0.0254],[0.4 0.5 0.4],'LineStyle','none')
fill([0.0051 0.0051 0.005 0.005],[-0.0254 -0.0253 -0.0253 -0.0254],[0.4 0.5 0.4],'LineStyle','none')
fill([0.0052 0.0052 0.0051 0.0051],[-0.0254 -0.0253 -0.0253 -0.0254],[0.4 0.5 0.4],'LineStyle','none')
fill([0.0053 0.0053 0.0052 0.0052],[-0.0254 -0.0253 -0.0253 -0.0254],[0.4 0.5 0.4],'LineStyle','none')
fill([0.0054 0.0054 0.0053 0.0053],[-0.0254 -0.0253 -0.0253 -0.0254],[0.4 0.5 0.4],'LineStyle','none')
fill([0.0055 0.0055 0.0054 0.0054],[-0.0254 -0.0253 -0.0253 -0.0254],[0.4 0.5 0.4],'LineStyle','none')
fill([0.0056 0.0056 0.0055 0.0055],[-0.0254 -0.0253 -0.0253 -0.0254],[0.4 0.5 0.4],'LineStyle','none')
fill([0.0057 0.0057 0.0056 0.0056],[-0.0254 -0.0253 -0.0253 -0.0254],[0.4 0.5 0.4],'LineStyle','none')
fill([0.0058 0.0058 0.0057 0.0057],[-0.0254 -0.0253 -0.0253 -0.0254],[0.4 0.5 0.4],'LineStyle','none')
fill([0.0059 0.0059 0.0058 0.0058],[-0.0254 -0.0253 -0.0253 -0.0254],[0.4 0.5 0.4],'LineStyle','none')
fill([0.006 0.006 0.0059 0.0059],[-0.0254 -0.0253 -0.0253 -0.0254],[0.4 0.5 0.4],'LineStyle','none')
fill([0.0061 0.0061 0.006 0.006],[-0.0254 -0.0253 -0.0253 -0.0254],[0.4 0.5 0.4],'LineStyle','none')
fill([0.0039 0.0039 0.0038 0.0038],[-0.0253 -0.0252 -0.0252 -0.0253],[0.4 0.5 0.4],'LineStyle','none')
fill([0.004 0.004 0.0039 0.0039],[-0.0253 -0.0252 -0.0252 -0.0253],[0.4 0.5 0.4],'LineStyle','none')
fill([0.0041 0.0041 0.004 0.004],[-0.0253 -0.0252 -0.0252 -0.0253],[0.4 0.5 0.4],'LineStyle','none')
fill([0.0042 0.0042 0.0041 0.0041],[-0.0253 -0.0252 -0.0252 -0.0253],[0.4 0.5 0.4],'LineStyle','none')
fill([0.0043 0.0043 0.0042 0.0042],[-0.0253 -0.0252 -0.0252 -0.0253],[0.4 0.5 0.4],'LineStyle','none')
fill([0.0044 0.0044 0.0043 0.0043],[-0.0253 -0.0252 -0.0252 -0.0253],[0.4 0.5 0.4],'LineStyle','none')
fill([0.0045 0.0045 0.0044 0.0044],[-0.0253 -0.0252 -0.0252 -0.0253],[0.4 0.5 0.4],'LineStyle','none')
fill([0.0046 0.0046 0.0045 0.0045],[-0.0253 -0.0252 -0.0252 -0.0253],[0.4 0.5 0.4],'LineStyle','none')
fill([0.0047 0.0047 0.0046 0.0046],[-0.0253 -0.0252 -0.0252 -0.0253],[0.4 0.5 0.4],'LineStyle','none')
fill([0.0048 0.0048 0.0047 0.0047],[-0.0253 -0.0252 -0.0252 -0.0253],[0.4 0.5 0.4],'LineStyle','none')
fill([0.0049 0.0049 0.0048 0.0048],[-0.0253 -0.0252 -0.0252 -0.0253],[0.4 0.5 0.4],'LineStyle','none')
fill([0.005 0.005 0.0049 0.0049],[-0.0253 -0.0252 -0.0252 -0.0253],[0.4 0.5 0.4],'LineStyle','none')
fill([0.0051 0.0051 0.005 0.005],[-0.0253 -0.0252 -0.0252 -0.0253],[0.4 0.5 0.4],'LineStyle','none')
fill([0.0052 0.0052 0.0051 0.0051],[-0.0253 -0.0252 -0.0252 -0.0253],[0.4 0.5 0.4],'LineStyle','none')
fill([0.0053 0.0053 0.0052 0.0052],[-0.0253 -0.0252 -0.0252 -0.0253],[0.4 0.5 0.4],'LineStyle','none')
fill([0.0054 0.0054 0.0053 0.0053],[-0.0253 -0.0252 -0.0252 -0.0253],[0.4 0.5 0.4],'LineStyle','none')
fill([0.0055 0.0055 0.0054 0.0054],[-0.0253 -0.0252 -0.0252 -0.0253],[0.4 0.5 0.4],'LineStyle','none')
fill([0.0056 0.0056 0.0055 0.0055],[-0.0253 -0.0252 -0.0252 -0.0253],[0.4 0.5 0.4],'LineStyle','none')
fill([0.0057 0.0057 0.0056 0.0056],[-0.0253 -0.0252 -0.0252 -0.0253],[0.4 0.5 0.4],'LineStyle','none')
fill([0.0058 0.0058 0.0057 0.0057],[-0.0253 -0.0252 -0.0252 -0.0253],[0.4 0.5 0.4],'LineStyle','none')
fill([0.0059 0.0059 0.0058 0.0058],[-0.0253 -0.0252 -0.0252 -0.0253],[0.4 0.5 0.4],'LineStyle','none')
fill([0.006 0.006 0.0059 0.0059],[-0.0253 -0.0252 -0.0252 -0.0253],[0.4 0.5 0.4],'LineStyle','none')
fill([0.0061 0.0061 0.006 0.006],[-0.0253 -0.0252 -0.0252 -0.0253],[0.4 0.5 0.4],'LineStyle','none')
fill([0.0062 0.0062 0.0061 0.0061],[-0.0253 -0.0252 -0.0252 -0.0253],[0.4 0.5 0.4],'LineStyle','none')
fill([0.0038 0.0038 0.0037 0.0037],[-0.0252 -0.0251 -0.0251 -0.0252],[0.4 0.5 0.4],'LineStyle','none')
fill([0.0039 0.0039 0.0038 0.0038],[-0.0252 -0.0251 -0.0251 -0.0252],[0.4 0.5 0.4],'LineStyle','none')
fill([0.004 0.004 0.0039 0.0039],[-0.0252 -0.0251 -0.0251 -0.0252],[0.4 0.5 0.4],'LineStyle','none')
fill([0.0041 0.0041 0.004 0.004],[-0.0252 -0.0251 -0.0251 -0.0252],[0.4 0.5 0.4],'LineStyle','none')
fill([0.0042 0.0042 0.0041 0.0041],[-0.0252 -0.0251 -0.0251 -0.0252],[0.4 0.5 0.4],'LineStyle','none')
fill([0.0043 0.0043 0.0042 0.0042],[-0.0252 -0.0251 -0.0251 -0.0252],[0.4 0.5 0.4],'LineStyle','none')
fill([0.0044 0.0044 0.0043 0.0043],[-0.0252 -0.0251 -0.0251 -0.0252],[0.4 0.5 0.4],'LineStyle','none')
fill([0.0045 0.0045 0.0044 0.0044],[-0.0252 -0.0251 -0.0251 -0.0252],[0.4 0.5 0.4],'LineStyle','none')
fill([0.0046 0.0046 0.0045 0.0045],[-0.0252 -0.0251 -0.0251 -0.0252],[0.4 0.5 0.4],'LineStyle','none')
fill([0.0047 0.0047 0.0046 0.0046],[-0.0252 -0.0251 -0.0251 -0.0252],[0.4 0.5 0.4],'LineStyle','none')
fill([0.0048 0.0048 0.0047 0.0047],[-0.0252 -0.0251 -0.0251 -0.0252],[0.4 0.5 0.4],'LineStyle','none')
fill([0.0049 0.0049 0.0048 0.0048],[-0.0252 -0.0251 -0.0251 -0.0252],[0.4 0.5 0.4],'LineStyle','none')
fill([0.005 0.005 0.0049 0.0049],[-0.0252 -0.0251 -0.0251 -0.0252],[0.4 0.5 0.4],'LineStyle','none')
fill([0.0051 0.0051 0.005 0.005],[-0.0252 -0.0251 -0.0251 -0.0252],[0.4 0.5 0.4],'LineStyle','none')
fill([0.0052 0.0052 0.0051 0.0051],[-0.0252 -0.0251 -0.0251 -0.0252],[0.4 0.5 0.4],'LineStyle','none')
fill([0.0053 0.0053 0.0052 0.0052],[-0.0252 -0.0251 -0.0251 -0.0252],[0.4 0.5 0.4],'LineStyle','none')
fill([0.0054 0.0054 0.0053 0.0053],[-0.0252 -0.0251 -0.0251 -0.0252],[0.4 0.5 0.4],'LineStyle','none')
fill([0.0055 0.0055 0.0054 0.0054],[-0.0252 -0.0251 -0.0251 -0.0252],[0.4 0.5 0.4],'LineStyle','none')
fill([0.0056 0.0056 0.0055 0.0055],[-0.0252 -0.0251 -0.0251 -0.0252],[0.4 0.5 0.4],'LineStyle','none')
fill([0.0057 0.0057 0.0056 0.0056],[-0.0252 -0.0251 -0.0251 -0.0252],[0.4 0.5 0.4],'LineStyle','none')
fill([0.0058 0.0058 0.0057 0.0057],[-0.0252 -0.0251 -0.0251 -0.0252],[0.4 0.5 0.4],'LineStyle','none')
fill([0.0059 0.0059 0.0058 0.0058],[-0.0252 -0.0251 -0.0251 -0.0252],[0.4 0.5 0.4],'LineStyle','none')
fill([0.006 0.006 0.0059 0.0059],[-0.0252 -0.0251 -0.0251 -0.0252],[0.4 0.5 0.4],'LineStyle','none')
fill([0.0061 0.0061 0.006 0.006],[-0.0252 -0.0251 -0.0251 -0.0252],[0.4 0.5 0.4],'LineStyle','none')
fill([0.0062 0.0062 0.0061 0.0061],[-0.0252 -0.0251 -0.0251 -0.0252],[0.4 0.5 0.4],'LineStyle','none')
fill([0.0063 0.0063 0.0062 0.0062],[-0.0252 -0.0251 -0.0251 -0.0252],[0.4 0.5 0.4],'LineStyle','none')
fill([0.0039 0.0039 0.0038 0.0038],[-0.0251 -0.025 -0.025 -0.0251],[0.4 0.5 0.4],'LineStyle','none')
fill([0.004 0.004 0.0039 0.0039],[-0.0251 -0.025 -0.025 -0.0251],[0.4 0.5 0.4],'LineStyle','none')
fill([0.0041 0.0041 0.004 0.004],[-0.0251 -0.025 -0.025 -0.0251],[0.4 0.5 0.4],'LineStyle','none')
fill([0.0042 0.0042 0.0041 0.0041],[-0.0251 -0.025 -0.025 -0.0251],[0.4 0.5 0.4],'LineStyle','none')
fill([0.0043 0.0043 0.0042 0.0042],[-0.0251 -0.025 -0.025 -0.0251],[0.4 0.5 0.4],'LineStyle','none')
fill([0.0044 0.0044 0.0043 0.0043],[-0.0251 -0.025 -0.025 -0.0251],[0.4 0.5 0.4],'LineStyle','none')
fill([0.0045 0.0045 0.0044 0.0044],[-0.0251 -0.025 -0.025 -0.0251],[0.4 0.5 0.4],'LineStyle','none')
fill([0.0046 0.0046 0.0045 0.0045],[-0.0251 -0.025 -0.025 -0.0251],[0.4 0.5 0.4],'LineStyle','none')
fill([0.0047 0.0047 0.0046 0.0046],[-0.0251 -0.025 -0.025 -0.0251],[0.4 0.5 0.4],'LineStyle','none')
fill([0.0048 0.0048 0.0047 0.0047],[-0.0251 -0.025 -0.025 -0.0251],[0.4 0.5 0.4],'LineStyle','none')
fill([0.0049 0.0049 0.0048 0.0048],[-0.0251 -0.025 -0.025 -0.0251],[0.4 0.5 0.4],'LineStyle','none')
fill([0.005 0.005 0.0049 0.0049],[-0.0251 -0.025 -0.025 -0.0251],[0.4 0.5 0.4],'LineStyle','none')
fill([0.0051 0.0051 0.005 0.005],[-0.0251 -0.025 -0.025 -0.0251],[0.4 0.5 0.4],'LineStyle','none')
fill([0.0052 0.0052 0.0051 0.0051],[-0.0251 -0.025 -0.025 -0.0251],[0.4 0.5 0.4],'LineStyle','none')
fill([0.0053 0.0053 0.0052 0.0052],[-0.0251 -0.025 -0.025 -0.0251],[0.4 0.5 0.4],'LineStyle','none')
fill([0.0054 0.0054 0.0053 0.0053],[-0.0251 -0.025 -0.025 -0.0251],[0.4 0.5 0.4],'LineStyle','none')
fill([0.0055 0.0055 0.0054 0.0054],[-0.0251 -0.025 -0.025 -0.0251],[0.4 0.5 0.4],'LineStyle','none')
fill([0.0056 0.0056 0.0055 0.0055],[-0.0251 -0.025 -0.025 -0.0251],[0.4 0.5 0.4],'LineStyle','none')
fill([0.0057 0.0057 0.0056 0.0056],[-0.0251 -0.025 -0.025 -0.0251],[0.4 0.5 0.4],'LineStyle','none')
fill([0.0058 0.0058 0.0057 0.0057],[-0.0251 -0.025 -0.025 -0.0251],[0.4 0.5 0.4],'LineStyle','none')
fill([0.0059 0.0059 0.0058 0.0058],[-0.0251 -0.025 -0.025 -0.0251],[0.4 0.5 0.4],'LineStyle','none')
fill([0.006 0.006 0.0059 0.0059],[-0.0251 -0.025 -0.025 -0.0251],[0.4 0.5 0.4],'LineStyle','none')
fill([0.0061 0.0061 0.006 0.006],[-0.0251 -0.025 -0.025 -0.0251],[0.4 0.5 0.4],'LineStyle','none')
fill([0.0062 0.0062 0.0061 0.0061],[-0.0251 -0.025 -0.025 -0.0251],[0.4 0.5 0.4],'LineStyle','none')
fill([0.0038 0.0038 0.0037 0.0037],[-0.025 -0.0249 -0.0249 -0.025],[0.4 0.5 0.4],'LineStyle','none')
fill([0.0039 0.0039 0.0038 0.0038],[-0.025 -0.0249 -0.0249 -0.025],[0.4 0.5 0.4],'LineStyle','none')
fill([0.004 0.004 0.0039 0.0039],[-0.025 -0.0249 -0.0249 -0.025],[0.4 0.5 0.4],'LineStyle','none')
fill([0.0041 0.0041 0.004 0.004],[-0.025 -0.0249 -0.0249 -0.025],[0.4 0.5 0.4],'LineStyle','none')
fill([0.0042 0.0042 0.0041 0.0041],[-0.025 -0.0249 -0.0249 -0.025],[0.4 0.5 0.4],'LineStyle','none')
fill([0.0043 0.0043 0.0042 0.0042],[-0.025 -0.0249 -0.0249 -0.025],[0.4 0.5 0.4],'LineStyle','none')
fill([0.0044 0.0044 0.0043 0.0043],[-0.025 -0.0249 -0.0249 -0.025],[0.4 0.5 0.4],'LineStyle','none')
fill([0.0045 0.0045 0.0044 0.0044],[-0.025 -0.0249 -0.0249 -0.025],[0.4 0.5 0.4],'LineStyle','none')
fill([0.0046 0.0046 0.0045 0.0045],[-0.025 -0.0249 -0.0249 -0.025],[0.4 0.5 0.4],'LineStyle','none')
fill([0.0047 0.0047 0.0046 0.0046],[-0.025 -0.0249 -0.0249 -0.025],[0.4 0.5 0.4],'LineStyle','none')
fill([0.0048 0.0048 0.0047 0.0047],[-0.025 -0.0249 -0.0249 -0.025],[0.4 0.5 0.4],'LineStyle','none')
fill([0.0049 0.0049 0.0048 0.0048],[-0.025 -0.0249 -0.0249 -0.025],[0.4 0.5 0.4],'LineStyle','none')
fill([0.005 0.005 0.0049 0.0049],[-0.025 -0.0249 -0.0249 -0.025],[0.4 0.5 0.4],'LineStyle','none')
fill([0.0051 0.0051 0.005 0.005],[-0.025 -0.0249 -0.0249 -0.025],[0.4 0.5 0.4],'LineStyle','none')
fill([0.0052 0.0052 0.0051 0.0051],[-0.025 -0.0249 -0.0249 -0.025],[0.4 0.5 0.4],'LineStyle','none')
fill([0.0053 0.0053 0.0052 0.0052],[-0.025 -0.0249 -0.0249 -0.025],[0.4 0.5 0.4],'LineStyle','none')
fill([0.0054 0.0054 0.0053 0.0053],[-0.025 -0.0249 -0.0249 -0.025],[0.4 0.5 0.4],'LineStyle','none')
fill([0.0055 0.0055 0.0054 0.0054],[-0.025 -0.0249 -0.0249 -0.025],[0.4 0.5 0.4],'LineStyle','none')
fill([0.0056 0.0056 0.0055 0.0055],[-0.025 -0.0249 -0.0249 -0.025],[0.4 0.5 0.4],'LineStyle','none')
fill([0.0057 0.0057 0.0056 0.0056],[-0.025 -0.0249 -0.0249 -0.025],[0.4 0.5 0.4],'LineStyle','none')
fill([0.0058 0.0058 0.0057 0.0057],[-0.025 -0.0249 -0.0249 -0.025],[0.4 0.5 0.4],'LineStyle','none')
fill([0.0059 0.0059 0.0058 0.0058],[-0.025 -0.0249 -0.0249 -0.025],[0.4 0.5 0.4],'LineStyle','none')
fill([0.006 0.006 0.0059 0.0059],[-0.025 -0.0249 -0.0249 -0.025],[0.4 0.5 0.4],'LineStyle','none')
fill([0.0061 0.0061 0.006 0.006],[-0.025 -0.0249 -0.0249 -0.025],[0.4 0.5 0.4],'LineStyle','none')
fill([0.0062 0.0062 0.0061 0.0061],[-0.025 -0.0249 -0.0249 -0.025],[0.4 0.5 0.4],'LineStyle','none')
fill([0.0063 0.0063 0.0062 0.0062],[-0.025 -0.0249 -0.0249 -0.025],[0.4 0.5 0.4],'LineStyle','none')
fill([0.0039 0.0039 0.0038 0.0038],[-0.0249 -0.0248 -0.0248 -0.0249],[0.4 0.5 0.4],'LineStyle','none')
fill([0.004 0.004 0.0039 0.0039],[-0.0249 -0.0248 -0.0248 -0.0249],[0.4 0.5 0.4],'LineStyle','none')
fill([0.0041 0.0041 0.004 0.004],[-0.0249 -0.0248 -0.0248 -0.0249],[0.4 0.5 0.4],'LineStyle','none')
fill([0.0042 0.0042 0.0041 0.0041],[-0.0249 -0.0248 -0.0248 -0.0249],[0.4 0.5 0.4],'LineStyle','none')
fill([0.0043 0.0043 0.0042 0.0042],[-0.0249 -0.0248 -0.0248 -0.0249],[0.4 0.5 0.4],'LineStyle','none')
fill([0.0044 0.0044 0.0043 0.0043],[-0.0249 -0.0248 -0.0248 -0.0249],[0.4 0.5 0.4],'LineStyle','none')
fill([0.0045 0.0045 0.0044 0.0044],[-0.0249 -0.0248 -0.0248 -0.0249],[0.4 0.5 0.4],'LineStyle','none')
fill([0.0046 0.0046 0.0045 0.0045],[-0.0249 -0.0248 -0.0248 -0.0249],[0.4 0.5 0.4],'LineStyle','none')
fill([0.0047 0.0047 0.0046 0.0046],[-0.0249 -0.0248 -0.0248 -0.0249],[0.4 0.5 0.4],'LineStyle','none')
fill([0.0048 0.0048 0.0047 0.0047],[-0.0249 -0.0248 -0.0248 -0.0249],[0.4 0.5 0.4],'LineStyle','none')
fill([0.0049 0.0049 0.0048 0.0048],[-0.0249 -0.0248 -0.0248 -0.0249],[0.4 0.5 0.4],'LineStyle','none')
fill([0.005 0.005 0.0049 0.0049],[-0.0249 -0.0248 -0.0248 -0.0249],[0.4 0.5 0.4],'LineStyle','none')
fill([0.0051 0.0051 0.005 0.005],[-0.0249 -0.0248 -0.0248 -0.0249],[0.4 0.5 0.4],'LineStyle','none')
fill([0.0052 0.0052 0.0051 0.0051],[-0.0249 -0.0248 -0.0248 -0.0249],[0.4 0.5 0.4],'LineStyle','none')
fill([0.0053 0.0053 0.0052 0.0052],[-0.0249 -0.0248 -0.0248 -0.0249],[0.4 0.5 0.4],'LineStyle','none')
fill([0.0054 0.0054 0.0053 0.0053],[-0.0249 -0.0248 -0.0248 -0.0249],[0.4 0.5 0.4],'LineStyle','none')
fill([0.0055 0.0055 0.0054 0.0054],[-0.0249 -0.0248 -0.0248 -0.0249],[0.4 0.5 0.4],'LineStyle','none')
fill([0.0056 0.0056 0.0055 0.0055],[-0.0249 -0.0248 -0.0248 -0.0249],[0.4 0.5 0.4],'LineStyle','none')
fill([0.0057 0.0057 0.0056 0.0056],[-0.0249 -0.0248 -0.0248 -0.0249],[0.4 0.5 0.4],'LineStyle','none')
fill([0.0058 0.0058 0.0057 0.0057],[-0.0249 -0.0248 -0.0248 -0.0249],[0.4 0.5 0.4],'LineStyle','none')
fill([0.0059 0.0059 0.0058 0.0058],[-0.0249 -0.0248 -0.0248 -0.0249],[0.4 0.5 0.4],'LineStyle','none')
fill([0.006 0.006 0.0059 0.0059],[-0.0249 -0.0248 -0.0248 -0.0249],[0.4 0.5 0.4],'LineStyle','none')
fill([0.0061 0.0061 0.006 0.006],[-0.0249 -0.0248 -0.0248 -0.0249],[0.4 0.5 0.4],'LineStyle','none')
fill([0.0062 0.0062 0.0061 0.0061],[-0.0249 -0.0248 -0.0248 -0.0249],[0.4 0.5 0.4],'LineStyle','none')
fill([0.004 0.004 0.0039 0.0039],[-0.0248 -0.0247 -0.0247 -0.0248],[0.4 0.5 0.4],'LineStyle','none')
fill([0.0041 0.0041 0.004 0.004],[-0.0248 -0.0247 -0.0247 -0.0248],[0.4 0.5 0.4],'LineStyle','none')
fill([0.0042 0.0042 0.0041 0.0041],[-0.0248 -0.0247 -0.0247 -0.0248],[0.4 0.5 0.4],'LineStyle','none')
fill([0.0043 0.0043 0.0042 0.0042],[-0.0248 -0.0247 -0.0247 -0.0248],[0.4 0.5 0.4],'LineStyle','none')
fill([0.0044 0.0044 0.0043 0.0043],[-0.0248 -0.0247 -0.0247 -0.0248],[0.4 0.5 0.4],'LineStyle','none')
fill([0.0045 0.0045 0.0044 0.0044],[-0.0248 -0.0247 -0.0247 -0.0248],[0.4 0.5 0.4],'LineStyle','none')
fill([0.0046 0.0046 0.0045 0.0045],[-0.0248 -0.0247 -0.0247 -0.0248],[0.4 0.5 0.4],'LineStyle','none')
fill([0.0047 0.0047 0.0046 0.0046],[-0.0248 -0.0247 -0.0247 -0.0248],[0.4 0.5 0.4],'LineStyle','none')
fill([0.0048 0.0048 0.0047 0.0047],[-0.0248 -0.0247 -0.0247 -0.0248],[0.4 0.5 0.4],'LineStyle','none')
fill([0.0049 0.0049 0.0048 0.0048],[-0.0248 -0.0247 -0.0247 -0.0248],[0.4 0.5 0.4],'LineStyle','none')
fill([0.005 0.005 0.0049 0.0049],[-0.0248 -0.0247 -0.0247 -0.0248],[0.4 0.5 0.4],'LineStyle','none')
fill([0.0051 0.0051 0.005 0.005],[-0.0248 -0.0247 -0.0247 -0.0248],[0.4 0.5 0.4],'LineStyle','none')
fill([0.0052 0.0052 0.0051 0.0051],[-0.0248 -0.0247 -0.0247 -0.0248],[0.4 0.5 0.4],'LineStyle','none')
fill([0.0053 0.0053 0.0052 0.0052],[-0.0248 -0.0247 -0.0247 -0.0248],[0.4 0.5 0.4],'LineStyle','none')
fill([0.0054 0.0054 0.0053 0.0053],[-0.0248 -0.0247 -0.0247 -0.0248],[0.4 0.5 0.4],'LineStyle','none')
fill([0.0055 0.0055 0.0054 0.0054],[-0.0248 -0.0247 -0.0247 -0.0248],[0.4 0.5 0.4],'LineStyle','none')
fill([0.0056 0.0056 0.0055 0.0055],[-0.0248 -0.0247 -0.0247 -0.0248],[0.4 0.5 0.4],'LineStyle','none')
fill([0.0057 0.0057 0.0056 0.0056],[-0.0248 -0.0247 -0.0247 -0.0248],[0.4 0.5 0.4],'LineStyle','none')
fill([0.0058 0.0058 0.0057 0.0057],[-0.0248 -0.0247 -0.0247 -0.0248],[0.4 0.5 0.4],'LineStyle','none')
fill([0.0059 0.0059 0.0058 0.0058],[-0.0248 -0.0247 -0.0247 -0.0248],[0.4 0.5 0.4],'LineStyle','none')
fill([0.006 0.006 0.0059 0.0059],[-0.0248 -0.0247 -0.0247 -0.0248],[0.4 0.5 0.4],'LineStyle','none')
fill([0.0061 0.0061 0.006 0.006],[-0.0248 -0.0247 -0.0247 -0.0248],[0.4 0.5 0.4],'LineStyle','none')
fill([0.004 0.004 0.0039 0.0039],[-0.0247 -0.0246 -0.0246 -0.0247],[0.4 0.5 0.4],'LineStyle','none')
fill([0.0041 0.0041 0.004 0.004],[-0.0247 -0.0246 -0.0246 -0.0247],[0.4 0.5 0.4],'LineStyle','none')
fill([0.0042 0.0042 0.0041 0.0041],[-0.0247 -0.0246 -0.0246 -0.0247],[0.4 0.5 0.4],'LineStyle','none')
fill([0.0043 0.0043 0.0042 0.0042],[-0.0247 -0.0246 -0.0246 -0.0247],[0.4 0.5 0.4],'LineStyle','none')
fill([0.0044 0.0044 0.0043 0.0043],[-0.0247 -0.0246 -0.0246 -0.0247],[0.4 0.5 0.4],'LineStyle','none')
fill([0.0045 0.0045 0.0044 0.0044],[-0.0247 -0.0246 -0.0246 -0.0247],[0.4 0.5 0.4],'LineStyle','none')
fill([0.0046 0.0046 0.0045 0.0045],[-0.0247 -0.0246 -0.0246 -0.0247],[0.4 0.5 0.4],'LineStyle','none')
fill([0.0047 0.0047 0.0046 0.0046],[-0.0247 -0.0246 -0.0246 -0.0247],[0.4 0.5 0.4],'LineStyle','none')
fill([0.0048 0.0048 0.0047 0.0047],[-0.0247 -0.0246 -0.0246 -0.0247],[0.4 0.5 0.4],'LineStyle','none')
fill([0.0049 0.0049 0.0048 0.0048],[-0.0247 -0.0246 -0.0246 -0.0247],[0.4 0.5 0.4],'LineStyle','none')
fill([0.005 0.005 0.0049 0.0049],[-0.0247 -0.0246 -0.0246 -0.0247],[0.4 0.5 0.4],'LineStyle','none')
fill([0.0051 0.0051 0.005 0.005],[-0.0247 -0.0246 -0.0246 -0.0247],[0.4 0.5 0.4],'LineStyle','none')
fill([0.0052 0.0052 0.0051 0.0051],[-0.0247 -0.0246 -0.0246 -0.0247],[0.4 0.5 0.4],'LineStyle','none')
fill([0.0053 0.0053 0.0052 0.0052],[-0.0247 -0.0246 -0.0246 -0.0247],[0.4 0.5 0.4],'LineStyle','none')
fill([0.0054 0.0054 0.0053 0.0053],[-0.0247 -0.0246 -0.0246 -0.0247],[0.4 0.5 0.4],'LineStyle','none')
fill([0.0055 0.0055 0.0054 0.0054],[-0.0247 -0.0246 -0.0246 -0.0247],[0.4 0.5 0.4],'LineStyle','none')
fill([0.0056 0.0056 0.0055 0.0055],[-0.0247 -0.0246 -0.0246 -0.0247],[0.4 0.5 0.4],'LineStyle','none')
fill([0.0057 0.0057 0.0056 0.0056],[-0.0247 -0.0246 -0.0246 -0.0247],[0.4 0.5 0.4],'LineStyle','none')
fill([0.0058 0.0058 0.0057 0.0057],[-0.0247 -0.0246 -0.0246 -0.0247],[0.4 0.5 0.4],'LineStyle','none')
fill([0.0059 0.0059 0.0058 0.0058],[-0.0247 -0.0246 -0.0246 -0.0247],[0.4 0.5 0.4],'LineStyle','none')
fill([0.006 0.006 0.0059 0.0059],[-0.0247 -0.0246 -0.0246 -0.0247],[0.4 0.5 0.4],'LineStyle','none')
fill([0.0041 0.0041 0.004 0.004],[-0.0246 -0.0245 -0.0245 -0.0246],[0.4 0.5 0.4],'LineStyle','none')
fill([0.0042 0.0042 0.0041 0.0041],[-0.0246 -0.0245 -0.0245 -0.0246],[0.4 0.5 0.4],'LineStyle','none')
fill([0.0043 0.0043 0.0042 0.0042],[-0.0246 -0.0245 -0.0245 -0.0246],[0.4 0.5 0.4],'LineStyle','none')
fill([0.0044 0.0044 0.0043 0.0043],[-0.0246 -0.0245 -0.0245 -0.0246],[0.4 0.5 0.4],'LineStyle','none')
fill([0.0045 0.0045 0.0044 0.0044],[-0.0246 -0.0245 -0.0245 -0.0246],[0.4 0.5 0.4],'LineStyle','none')
fill([0.0046 0.0046 0.0045 0.0045],[-0.0246 -0.0245 -0.0245 -0.0246],[0.4 0.5 0.4],'LineStyle','none')
fill([0.0047 0.0047 0.0046 0.0046],[-0.0246 -0.0245 -0.0245 -0.0246],[0.4 0.5 0.4],'LineStyle','none')
fill([0.0048 0.0048 0.0047 0.0047],[-0.0246 -0.0245 -0.0245 -0.0246],[0.4 0.5 0.4],'LineStyle','none')
fill([0.0049 0.0049 0.0048 0.0048],[-0.0246 -0.0245 -0.0245 -0.0246],[0.4 0.5 0.4],'LineStyle','none')
fill([0.005 0.005 0.0049 0.0049],[-0.0246 -0.0245 -0.0245 -0.0246],[0.4 0.5 0.4],'LineStyle','none')
fill([0.0051 0.0051 0.005 0.005],[-0.0246 -0.0245 -0.0245 -0.0246],[0.4 0.5 0.4],'LineStyle','none')
fill([0.0052 0.0052 0.0051 0.0051],[-0.0246 -0.0245 -0.0245 -0.0246],[0.4 0.5 0.4],'LineStyle','none')
fill([0.0053 0.0053 0.0052 0.0052],[-0.0246 -0.0245 -0.0245 -0.0246],[0.4 0.5 0.4],'LineStyle','none')
fill([0.0054 0.0054 0.0053 0.0053],[-0.0246 -0.0245 -0.0245 -0.0246],[0.4 0.5 0.4],'LineStyle','none')
fill([0.0055 0.0055 0.0054 0.0054],[-0.0246 -0.0245 -0.0245 -0.0246],[0.4 0.5 0.4],'LineStyle','none')
fill([0.0056 0.0056 0.0055 0.0055],[-0.0246 -0.0245 -0.0245 -0.0246],[0.4 0.5 0.4],'LineStyle','none')
fill([0.0057 0.0057 0.0056 0.0056],[-0.0246 -0.0245 -0.0245 -0.0246],[0.4 0.5 0.4],'LineStyle','none')
fill([0.0058 0.0058 0.0057 0.0057],[-0.0246 -0.0245 -0.0245 -0.0246],[0.4 0.5 0.4],'LineStyle','none')
fill([0.0059 0.0059 0.0058 0.0058],[-0.0246 -0.0245 -0.0245 -0.0246],[0.4 0.5 0.4],'LineStyle','none')
fill([0.0042 0.0042 0.0041 0.0041],[-0.0245 -0.0244 -0.0244 -0.0245],[0.4 0.5 0.4],'LineStyle','none')
fill([0.0043 0.0043 0.0042 0.0042],[-0.0245 -0.0244 -0.0244 -0.0245],[0.4 0.5 0.4],'LineStyle','none')
fill([0.0044 0.0044 0.0043 0.0043],[-0.0245 -0.0244 -0.0244 -0.0245],[0.4 0.5 0.4],'LineStyle','none')
fill([0.0045 0.0045 0.0044 0.0044],[-0.0245 -0.0244 -0.0244 -0.0245],[0.4 0.5 0.4],'LineStyle','none')
fill([0.0046 0.0046 0.0045 0.0045],[-0.0245 -0.0244 -0.0244 -0.0245],[0.4 0.5 0.4],'LineStyle','none')
fill([0.0047 0.0047 0.0046 0.0046],[-0.0245 -0.0244 -0.0244 -0.0245],[0.4 0.5 0.4],'LineStyle','none')
fill([0.0048 0.0048 0.0047 0.0047],[-0.0245 -0.0244 -0.0244 -0.0245],[0.4 0.5 0.4],'LineStyle','none')
fill([0.0049 0.0049 0.0048 0.0048],[-0.0245 -0.0244 -0.0244 -0.0245],[0.4 0.5 0.4],'LineStyle','none')
fill([0.005 0.005 0.0049 0.0049],[-0.0245 -0.0244 -0.0244 -0.0245],[0.4 0.5 0.4],'LineStyle','none')
fill([0.0051 0.0051 0.005 0.005],[-0.0245 -0.0244 -0.0244 -0.0245],[0.4 0.5 0.4],'LineStyle','none')
fill([0.0052 0.0052 0.0051 0.0051],[-0.0245 -0.0244 -0.0244 -0.0245],[0.4 0.5 0.4],'LineStyle','none')
fill([0.0053 0.0053 0.0052 0.0052],[-0.0245 -0.0244 -0.0244 -0.0245],[0.4 0.5 0.4],'LineStyle','none')
fill([0.0054 0.0054 0.0053 0.0053],[-0.0245 -0.0244 -0.0244 -0.0245],[0.4 0.5 0.4],'LineStyle','none')
fill([0.0055 0.0055 0.0054 0.0054],[-0.0245 -0.0244 -0.0244 -0.0245],[0.4 0.5 0.4],'LineStyle','none')
fill([0.0056 0.0056 0.0055 0.0055],[-0.0245 -0.0244 -0.0244 -0.0245],[0.4 0.5 0.4],'LineStyle','none')
fill([0.0057 0.0057 0.0056 0.0056],[-0.0245 -0.0244 -0.0244 -0.0245],[0.4 0.5 0.4],'LineStyle','none')
fill([0.0058 0.0058 0.0057 0.0057],[-0.0245 -0.0244 -0.0244 -0.0245],[0.4 0.5 0.4],'LineStyle','none')
fill([0.0043 0.0043 0.0042 0.0042],[-0.0244 -0.0243 -0.0243 -0.0244],[0.4 0.5 0.4],'LineStyle','none')
fill([0.0044 0.0044 0.0043 0.0043],[-0.0244 -0.0243 -0.0243 -0.0244],[0.4 0.5 0.4],'LineStyle','none')
fill([0.0045 0.0045 0.0044 0.0044],[-0.0244 -0.0243 -0.0243 -0.0244],[0.4 0.5 0.4],'LineStyle','none')
fill([0.0046 0.0046 0.0045 0.0045],[-0.0244 -0.0243 -0.0243 -0.0244],[0.4 0.5 0.4],'LineStyle','none')
fill([0.0047 0.0047 0.0046 0.0046],[-0.0244 -0.0243 -0.0243 -0.0244],[0.4 0.5 0.4],'LineStyle','none')
fill([0.0048 0.0048 0.0047 0.0047],[-0.0244 -0.0243 -0.0243 -0.0244],[0.4 0.5 0.4],'LineStyle','none')
fill([0.0049 0.0049 0.0048 0.0048],[-0.0244 -0.0243 -0.0243 -0.0244],[0.4 0.5 0.4],'LineStyle','none')
fill([0.005 0.005 0.0049 0.0049],[-0.0244 -0.0243 -0.0243 -0.0244],[0.4 0.5 0.4],'LineStyle','none')
fill([0.0051 0.0051 0.005 0.005],[-0.0244 -0.0243 -0.0243 -0.0244],[0.4 0.5 0.4],'LineStyle','none')
fill([0.0052 0.0052 0.0051 0.0051],[-0.0244 -0.0243 -0.0243 -0.0244],[0.4 0.5 0.4],'LineStyle','none')
fill([0.0053 0.0053 0.0052 0.0052],[-0.0244 -0.0243 -0.0243 -0.0244],[0.4 0.5 0.4],'LineStyle','none')
fill([0.0054 0.0054 0.0053 0.0053],[-0.0244 -0.0243 -0.0243 -0.0244],[0.4 0.5 0.4],'LineStyle','none')
fill([0.0055 0.0055 0.0054 0.0054],[-0.0244 -0.0243 -0.0243 -0.0244],[0.4 0.5 0.4],'LineStyle','none')
fill([0.0056 0.0056 0.0055 0.0055],[-0.0244 -0.0243 -0.0243 -0.0244],[0.4 0.5 0.4],'LineStyle','none')
fill([0.0057 0.0057 0.0056 0.0056],[-0.0244 -0.0243 -0.0243 -0.0244],[0.4 0.5 0.4],'LineStyle','none')
fill([0.0044 0.0044 0.0043 0.0043],[-0.0243 -0.0242 -0.0242 -0.0243],[0.4 0.5 0.4],'LineStyle','none')
fill([0.0045 0.0045 0.0044 0.0044],[-0.0243 -0.0242 -0.0242 -0.0243],[0.4 0.5 0.4],'LineStyle','none')
fill([0.0046 0.0046 0.0045 0.0045],[-0.0243 -0.0242 -0.0242 -0.0243],[0.4 0.5 0.4],'LineStyle','none')
fill([0.0047 0.0047 0.0046 0.0046],[-0.0243 -0.0242 -0.0242 -0.0243],[0.4 0.5 0.4],'LineStyle','none')
fill([0.0048 0.0048 0.0047 0.0047],[-0.0243 -0.0242 -0.0242 -0.0243],[0.4 0.5 0.4],'LineStyle','none')
fill([0.0049 0.0049 0.0048 0.0048],[-0.0243 -0.0242 -0.0242 -0.0243],[0.4 0.5 0.4],'LineStyle','none')
fill([0.005 0.005 0.0049 0.0049],[-0.0243 -0.0242 -0.0242 -0.0243],[0.4 0.5 0.4],'LineStyle','none')
fill([0.0051 0.0051 0.005 0.005],[-0.0243 -0.0242 -0.0242 -0.0243],[0.4 0.5 0.4],'LineStyle','none')
fill([0.0052 0.0052 0.0051 0.0051],[-0.0243 -0.0242 -0.0242 -0.0243],[0.4 0.5 0.4],'LineStyle','none')
fill([0.0053 0.0053 0.0052 0.0052],[-0.0243 -0.0242 -0.0242 -0.0243],[0.4 0.5 0.4],'LineStyle','none')
fill([0.0054 0.0054 0.0053 0.0053],[-0.0243 -0.0242 -0.0242 -0.0243],[0.4 0.5 0.4],'LineStyle','none')
fill([0.0055 0.0055 0.0054 0.0054],[-0.0243 -0.0242 -0.0242 -0.0243],[0.4 0.5 0.4],'LineStyle','none')
fill([0.0056 0.0056 0.0055 0.0055],[-0.0243 -0.0242 -0.0242 -0.0243],[0.4 0.5 0.4],'LineStyle','none')
fill([0.0045 0.0045 0.0044 0.0044],[-0.0242 -0.0241 -0.0241 -0.0242],[0.4 0.5 0.4],'LineStyle','none')
fill([0.0046 0.0046 0.0045 0.0045],[-0.0242 -0.0241 -0.0241 -0.0242],[0.4 0.5 0.4],'LineStyle','none')
fill([0.0047 0.0047 0.0046 0.0046],[-0.0242 -0.0241 -0.0241 -0.0242],[0.4 0.5 0.4],'LineStyle','none')
fill([0.0048 0.0048 0.0047 0.0047],[-0.0242 -0.0241 -0.0241 -0.0242],[0.4 0.5 0.4],'LineStyle','none')
fill([0.0049 0.0049 0.0048 0.0048],[-0.0242 -0.0241 -0.0241 -0.0242],[0.4 0.5 0.4],'LineStyle','none')
fill([0.005 0.005 0.0049 0.0049],[-0.0242 -0.0241 -0.0241 -0.0242],[0.4 0.5 0.4],'LineStyle','none')
fill([0.0051 0.0051 0.005 0.005],[-0.0242 -0.0241 -0.0241 -0.0242],[0.4 0.5 0.4],'LineStyle','none')
fill([0.0052 0.0052 0.0051 0.0051],[-0.0242 -0.0241 -0.0241 -0.0242],[0.4 0.5 0.4],'LineStyle','none')
fill([0.0053 0.0053 0.0052 0.0052],[-0.0242 -0.0241 -0.0241 -0.0242],[0.4 0.5 0.4],'LineStyle','none')
fill([0.0054 0.0054 0.0053 0.0053],[-0.0242 -0.0241 -0.0241 -0.0242],[0.4 0.5 0.4],'LineStyle','none')
fill([0.0055 0.0055 0.0054 0.0054],[-0.0242 -0.0241 -0.0241 -0.0242],[0.4 0.5 0.4],'LineStyle','none')
fill([0.0046 0.0046 0.0045 0.0045],[-0.0241 -0.024 -0.024 -0.0241],[0.4 0.5 0.4],'LineStyle','none')
fill([0.0047 0.0047 0.0046 0.0046],[-0.0241 -0.024 -0.024 -0.0241],[0.4 0.5 0.4],'LineStyle','none')
fill([0.0048 0.0048 0.0047 0.0047],[-0.0241 -0.024 -0.024 -0.0241],[0.4 0.5 0.4],'LineStyle','none')
fill([0.0049 0.0049 0.0048 0.0048],[-0.0241 -0.024 -0.024 -0.0241],[0.4 0.5 0.4],'LineStyle','none')
fill([0.005 0.005 0.0049 0.0049],[-0.0241 -0.024 -0.024 -0.0241],[0.4 0.5 0.4],'LineStyle','none')
fill([0.0051 0.0051 0.005 0.005],[-0.0241 -0.024 -0.024 -0.0241],[0.4 0.5 0.4],'LineStyle','none')
fill([0.0052 0.0052 0.0051 0.0051],[-0.0241 -0.024 -0.024 -0.0241],[0.4 0.5 0.4],'LineStyle','none')
fill([0.0053 0.0053 0.0052 0.0052],[-0.0241 -0.024 -0.024 -0.0241],[0.4 0.5 0.4],'LineStyle','none')
fill([0.0054 0.0054 0.0053 0.0053],[-0.0241 -0.024 -0.024 -0.0241],[0.4 0.5 0.4],'LineStyle','none')
fill([0.0047 0.0047 0.0046 0.0046],[-0.024 -0.0239 -0.0239 -0.024],[0.4 0.5 0.4],'LineStyle','none')
fill([0.0048 0.0048 0.0047 0.0047],[-0.024 -0.0239 -0.0239 -0.024],[0.4 0.5 0.4],'LineStyle','none')
fill([0.0049 0.0049 0.0048 0.0048],[-0.024 -0.0239 -0.0239 -0.024],[0.4 0.5 0.4],'LineStyle','none')
fill([0.005 0.005 0.0049 0.0049],[-0.024 -0.0239 -0.0239 -0.024],[0.4 0.5 0.4],'LineStyle','none')
fill([0.0051 0.0051 0.005 0.005],[-0.024 -0.0239 -0.0239 -0.024],[0.4 0.5 0.4],'LineStyle','none')
fill([0.0052 0.0052 0.0051 0.0051],[-0.024 -0.0239 -0.0239 -0.024],[0.4 0.5 0.4],'LineStyle','none')
fill([0.0053 0.0053 0.0052 0.0052],[-0.024 -0.0239 -0.0239 -0.024],[0.4 0.5 0.4],'LineStyle','none')
fill([0.0048 0.0048 0.0047 0.0047],[-0.0239 -0.0238 -0.0238 -0.0239],[0.4 0.5 0.4],'LineStyle','none')
fill([0.0049 0.0049 0.0048 0.0048],[-0.0239 -0.0238 -0.0238 -0.0239],[0.4 0.5 0.4],'LineStyle','none')
fill([0.005 0.005 0.0049 0.0049],[-0.0239 -0.0238 -0.0238 -0.0239],[0.4 0.5 0.4],'LineStyle','none')
fill([0.0051 0.0051 0.005 0.005],[-0.0239 -0.0238 -0.0238 -0.0239],[0.4 0.5 0.4],'LineStyle','none')
fill([0.0052 0.0052 0.0051 0.0051],[-0.0239 -0.0238 -0.0238 -0.0239],[0.4 0.5 0.4],'LineStyle','none')
fill([0.0049 0.0049 0.0048 0.0048],[-0.0238 -0.0237 -0.0237 -0.0238],[0.4 0.5 0.4],'LineStyle','none')
fill([0.0051 0.0051 0.005 0.005],[-0.0238 -0.0237 -0.0237 -0.0238],[0.4 0.5 0.4],'LineStyle','none')
