set (gca,'PlotBoxAspectRatio',[1 1 1],'Xlim',[0,0.03],'Ylim',[0,0.03])
hold on
title('Malha(100X100) Dt(0.01 s) tempo(7.01 s)') 
hold on
ylabel('metros') 
hold on 
xlabel('metros') 
hold on 
fill([0.0049 0.0049 0.0048 0.0048],[-0.0256 -0.0255 -0.0255 -0.0256],[0.4 0.5 0.4],'LineStyle','none')
fill([0.0051 0.0051 0.005 0.005],[-0.0256 -0.0255 -0.0255 -0.0256],[0.4 0.5 0.4],'LineStyle','none')
fill([0.0048 0.0048 0.0047 0.0047],[-0.0255 -0.0254 -0.0254 -0.0255],[0.4 0.5 0.4],'LineStyle','none')
fill([0.0049 0.0049 0.0048 0.0048],[-0.0255 -0.0254 -0.0254 -0.0255],[0.4 0.5 0.4],'LineStyle','none')
fill([0.005 0.005 0.0049 0.0049],[-0.0255 -0.0254 -0.0254 -0.0255],[0.4 0.5 0.4],'LineStyle','none')
fill([0.0051 0.0051 0.005 0.005],[-0.0255 -0.0254 -0.0254 -0.0255],[0.4 0.5 0.4],'LineStyle','none')
fill([0.0052 0.0052 0.0051 0.0051],[-0.0255 -0.0254 -0.0254 -0.0255],[0.4 0.5 0.4],'LineStyle','none')
fill([0.0053 0.0053 0.0052 0.0052],[-0.0255 -0.0254 -0.0254 -0.0255],[0.4 0.5 0.4],'LineStyle','none')
fill([0.0047 0.0047 0.0046 0.0046],[-0.0254 -0.0253 -0.0253 -0.0254],[0.4 0.5 0.4],'LineStyle','none')
fill([0.0048 0.0048 0.0047 0.0047],[-0.0254 -0.0253 -0.0253 -0.0254],[0.4 0.5 0.4],'LineStyle','none')
fill([0.0049 0.0049 0.0048 0.0048],[-0.0254 -0.0253 -0.0253 -0.0254],[0.4 0.5 0.4],'LineStyle','none')
fill([0.005 0.005 0.0049 0.0049],[-0.0254 -0.0253 -0.0253 -0.0254],[0.4 0.5 0.4],'LineStyle','none')
fill([0.0051 0.0051 0.005 0.005],[-0.0254 -0.0253 -0.0253 -0.0254],[0.4 0.5 0.4],'LineStyle','none')
fill([0.0052 0.0052 0.0051 0.0051],[-0.0254 -0.0253 -0.0253 -0.0254],[0.4 0.5 0.4],'LineStyle','none')
fill([0.0053 0.0053 0.0052 0.0052],[-0.0254 -0.0253 -0.0253 -0.0254],[0.4 0.5 0.4],'LineStyle','none')
fill([0.0054 0.0054 0.0053 0.0053],[-0.0254 -0.0253 -0.0253 -0.0254],[0.4 0.5 0.4],'LineStyle','none')
fill([0.0046 0.0046 0.0045 0.0045],[-0.0253 -0.0252 -0.0252 -0.0253],[0.4 0.5 0.4],'LineStyle','none')
fill([0.0047 0.0047 0.0046 0.0046],[-0.0253 -0.0252 -0.0252 -0.0253],[0.4 0.5 0.4],'LineStyle','none')
fill([0.0048 0.0048 0.0047 0.0047],[-0.0253 -0.0252 -0.0252 -0.0253],[0.4 0.5 0.4],'LineStyle','none')
fill([0.0049 0.0049 0.0048 0.0048],[-0.0253 -0.0252 -0.0252 -0.0253],[0.4 0.5 0.4],'LineStyle','none')
fill([0.005 0.005 0.0049 0.0049],[-0.0253 -0.0252 -0.0252 -0.0253],[0.4 0.5 0.4],'LineStyle','none')
fill([0.0051 0.0051 0.005 0.005],[-0.0253 -0.0252 -0.0252 -0.0253],[0.4 0.5 0.4],'LineStyle','none')
fill([0.0052 0.0052 0.0051 0.0051],[-0.0253 -0.0252 -0.0252 -0.0253],[0.4 0.5 0.4],'LineStyle','none')
fill([0.0053 0.0053 0.0052 0.0052],[-0.0253 -0.0252 -0.0252 -0.0253],[0.4 0.5 0.4],'LineStyle','none')
fill([0.0054 0.0054 0.0053 0.0053],[-0.0253 -0.0252 -0.0252 -0.0253],[0.4 0.5 0.4],'LineStyle','none')
fill([0.0055 0.0055 0.0054 0.0054],[-0.0253 -0.0252 -0.0252 -0.0253],[0.4 0.5 0.4],'LineStyle','none')
fill([0.0046 0.0046 0.0045 0.0045],[-0.0252 -0.0251 -0.0251 -0.0252],[0.4 0.5 0.4],'LineStyle','none')
fill([0.0047 0.0047 0.0046 0.0046],[-0.0252 -0.0251 -0.0251 -0.0252],[0.4 0.5 0.4],'LineStyle','none')
fill([0.0048 0.0048 0.0047 0.0047],[-0.0252 -0.0251 -0.0251 -0.0252],[0.4 0.5 0.4],'LineStyle','none')
fill([0.0049 0.0049 0.0048 0.0048],[-0.0252 -0.0251 -0.0251 -0.0252],[0.4 0.5 0.4],'LineStyle','none')
fill([0.005 0.005 0.0049 0.0049],[-0.0252 -0.0251 -0.0251 -0.0252],[0.4 0.5 0.4],'LineStyle','none')
fill([0.0051 0.0051 0.005 0.005],[-0.0252 -0.0251 -0.0251 -0.0252],[0.4 0.5 0.4],'LineStyle','none')
fill([0.0052 0.0052 0.0051 0.0051],[-0.0252 -0.0251 -0.0251 -0.0252],[0.4 0.5 0.4],'LineStyle','none')
fill([0.0053 0.0053 0.0052 0.0052],[-0.0252 -0.0251 -0.0251 -0.0252],[0.4 0.5 0.4],'LineStyle','none')
fill([0.0054 0.0054 0.0053 0.0053],[-0.0252 -0.0251 -0.0251 -0.0252],[0.4 0.5 0.4],'LineStyle','none')
fill([0.0046 0.0046 0.0045 0.0045],[-0.0251 -0.025 -0.025 -0.0251],[0.4 0.5 0.4],'LineStyle','none')
fill([0.0047 0.0047 0.0046 0.0046],[-0.0251 -0.025 -0.025 -0.0251],[0.4 0.5 0.4],'LineStyle','none')
fill([0.0048 0.0048 0.0047 0.0047],[-0.0251 -0.025 -0.025 -0.0251],[0.4 0.5 0.4],'LineStyle','none')
fill([0.0049 0.0049 0.0048 0.0048],[-0.0251 -0.025 -0.025 -0.0251],[0.4 0.5 0.4],'LineStyle','none')
fill([0.005 0.005 0.0049 0.0049],[-0.0251 -0.025 -0.025 -0.0251],[0.4 0.5 0.4],'LineStyle','none')
fill([0.0051 0.0051 0.005 0.005],[-0.0251 -0.025 -0.025 -0.0251],[0.4 0.5 0.4],'LineStyle','none')
fill([0.0052 0.0052 0.0051 0.0051],[-0.0251 -0.025 -0.025 -0.0251],[0.4 0.5 0.4],'LineStyle','none')
fill([0.0053 0.0053 0.0052 0.0052],[-0.0251 -0.025 -0.025 -0.0251],[0.4 0.5 0.4],'LineStyle','none')
fill([0.0054 0.0054 0.0053 0.0053],[-0.0251 -0.025 -0.025 -0.0251],[0.4 0.5 0.4],'LineStyle','none')
fill([0.0045 0.0045 0.0044 0.0044],[-0.025 -0.0249 -0.0249 -0.025],[0.4 0.5 0.4],'LineStyle','none')
fill([0.0046 0.0046 0.0045 0.0045],[-0.025 -0.0249 -0.0249 -0.025],[0.4 0.5 0.4],'LineStyle','none')
fill([0.0047 0.0047 0.0046 0.0046],[-0.025 -0.0249 -0.0249 -0.025],[0.4 0.5 0.4],'LineStyle','none')
fill([0.0048 0.0048 0.0047 0.0047],[-0.025 -0.0249 -0.0249 -0.025],[0.4 0.5 0.4],'LineStyle','none')
fill([0.0049 0.0049 0.0048 0.0048],[-0.025 -0.0249 -0.0249 -0.025],[0.4 0.5 0.4],'LineStyle','none')
fill([0.005 0.005 0.0049 0.0049],[-0.025 -0.0249 -0.0249 -0.025],[0.4 0.5 0.4],'LineStyle','none')
fill([0.0051 0.0051 0.005 0.005],[-0.025 -0.0249 -0.0249 -0.025],[0.4 0.5 0.4],'LineStyle','none')
fill([0.0052 0.0052 0.0051 0.0051],[-0.025 -0.0249 -0.0249 -0.025],[0.4 0.5 0.4],'LineStyle','none')
fill([0.0053 0.0053 0.0052 0.0052],[-0.025 -0.0249 -0.0249 -0.025],[0.4 0.5 0.4],'LineStyle','none')
fill([0.0054 0.0054 0.0053 0.0053],[-0.025 -0.0249 -0.0249 -0.025],[0.4 0.5 0.4],'LineStyle','none')
fill([0.0046 0.0046 0.0045 0.0045],[-0.0249 -0.0248 -0.0248 -0.0249],[0.4 0.5 0.4],'LineStyle','none')
fill([0.0047 0.0047 0.0046 0.0046],[-0.0249 -0.0248 -0.0248 -0.0249],[0.4 0.5 0.4],'LineStyle','none')
fill([0.0048 0.0048 0.0047 0.0047],[-0.0249 -0.0248 -0.0248 -0.0249],[0.4 0.5 0.4],'LineStyle','none')
fill([0.0049 0.0049 0.0048 0.0048],[-0.0249 -0.0248 -0.0248 -0.0249],[0.4 0.5 0.4],'LineStyle','none')
fill([0.005 0.005 0.0049 0.0049],[-0.0249 -0.0248 -0.0248 -0.0249],[0.4 0.5 0.4],'LineStyle','none')
fill([0.0051 0.0051 0.005 0.005],[-0.0249 -0.0248 -0.0248 -0.0249],[0.4 0.5 0.4],'LineStyle','none')
fill([0.0052 0.0052 0.0051 0.0051],[-0.0249 -0.0248 -0.0248 -0.0249],[0.4 0.5 0.4],'LineStyle','none')
fill([0.0053 0.0053 0.0052 0.0052],[-0.0249 -0.0248 -0.0248 -0.0249],[0.4 0.5 0.4],'LineStyle','none')
fill([0.0046 0.0046 0.0045 0.0045],[-0.0248 -0.0247 -0.0247 -0.0248],[0.4 0.5 0.4],'LineStyle','none')
fill([0.0047 0.0047 0.0046 0.0046],[-0.0248 -0.0247 -0.0247 -0.0248],[0.4 0.5 0.4],'LineStyle','none')
fill([0.0048 0.0048 0.0047 0.0047],[-0.0248 -0.0247 -0.0247 -0.0248],[0.4 0.5 0.4],'LineStyle','none')
fill([0.0049 0.0049 0.0048 0.0048],[-0.0248 -0.0247 -0.0247 -0.0248],[0.4 0.5 0.4],'LineStyle','none')
fill([0.005 0.005 0.0049 0.0049],[-0.0248 -0.0247 -0.0247 -0.0248],[0.4 0.5 0.4],'LineStyle','none')
fill([0.0051 0.0051 0.005 0.005],[-0.0248 -0.0247 -0.0247 -0.0248],[0.4 0.5 0.4],'LineStyle','none')
fill([0.0052 0.0052 0.0051 0.0051],[-0.0248 -0.0247 -0.0247 -0.0248],[0.4 0.5 0.4],'LineStyle','none')
fill([0.0047 0.0047 0.0046 0.0046],[-0.0247 -0.0246 -0.0246 -0.0247],[0.4 0.5 0.4],'LineStyle','none')
fill([0.0048 0.0048 0.0047 0.0047],[-0.0247 -0.0246 -0.0246 -0.0247],[0.4 0.5 0.4],'LineStyle','none')
fill([0.0049 0.0049 0.0048 0.0048],[-0.0247 -0.0246 -0.0246 -0.0247],[0.4 0.5 0.4],'LineStyle','none')
fill([0.0051 0.0051 0.005 0.005],[-0.0247 -0.0246 -0.0246 -0.0247],[0.4 0.5 0.4],'LineStyle','none')
fill([0.0048 0.0048 0.0047 0.0047],[-0.0246 -0.0245 -0.0245 -0.0246],[0.4 0.5 0.4],'LineStyle','none')
