set (gca,'PlotBoxAspectRatio',[1 1 1],'Xlim',[0,0.02],'Ylim',[0,0.02])
hold on
title('Malha(100X100) Dt(0.01 s) tempo(40 s)') 
hold on
ylabel('metros') 
hold on 
xlabel('metros') 
hold on 
fill([0.0141 0.0141 0.0138 0.0138],[-0.0095 -0.0092 -0.0092 -0.0095],[0.6 0.1 0.4],'LineStyle','none')
fill([0.0144 0.0144 0.0141 0.0141],[-0.0095 -0.0092 -0.0092 -0.0095],[0.6 0.1 0.4],'LineStyle','none')
fill([0.0132 0.0132 0.0129 0.0129],[-0.0092 -0.0089 -0.0089 -0.0092],[0.6 0.1 0.4],'LineStyle','none')
fill([0.0135 0.0135 0.0132 0.0132],[-0.0092 -0.0089 -0.0089 -0.0092],[0.6 0.1 0.4],'LineStyle','none')
fill([0.0138 0.0138 0.0135 0.0135],[-0.0092 -0.0089 -0.0089 -0.0092],[0.6 0.1 0.4],'LineStyle','none')
fill([0.0147 0.0147 0.0144 0.0144],[-0.0092 -0.0089 -0.0089 -0.0092],[0.6 0.1 0.4],'LineStyle','none')
fill([0.015 0.015 0.0147 0.0147],[-0.0092 -0.0089 -0.0089 -0.0092],[0.6 0.1 0.4],'LineStyle','none')
fill([0.0129 0.0129 0.0126 0.0126],[-0.0089 -0.0086 -0.0086 -0.0089],[0.6 0.1 0.4],'LineStyle','none')
fill([0.0153 0.0153 0.015 0.015],[-0.0089 -0.0086 -0.0086 -0.0089],[0.6 0.1 0.4],'LineStyle','none')
fill([0.0156 0.0156 0.0153 0.0153],[-0.0089 -0.0086 -0.0086 -0.0089],[0.6 0.1 0.4],'LineStyle','none')
fill([0.0129 0.0129 0.0126 0.0126],[-0.0086 -0.0083 -0.0083 -0.0086],[0.6 0.1 0.4],'LineStyle','none')
fill([0.0159 0.0159 0.0156 0.0156],[-0.0086 -0.0083 -0.0083 -0.0086],[0.6 0.1 0.4],'LineStyle','none')
fill([0.0162 0.0162 0.0159 0.0159],[-0.0086 -0.0083 -0.0083 -0.0086],[0.6 0.1 0.4],'LineStyle','none')
fill([0.0126 0.0126 0.0123 0.0123],[-0.0083 -0.008 -0.008 -0.0083],[0.6 0.1 0.4],'LineStyle','none')
fill([0.0165 0.0165 0.0162 0.0162],[-0.0083 -0.008 -0.008 -0.0083],[0.6 0.1 0.4],'LineStyle','none')
fill([0.0123 0.0123 0.012 0.012],[-0.008 -0.0077 -0.0077 -0.008],[0.6 0.1 0.4],'LineStyle','none')
fill([0.0126 0.0126 0.0123 0.0123],[-0.008 -0.0077 -0.0077 -0.008],[0.6 0.1 0.4],'LineStyle','none')
fill([0.0168 0.0168 0.0165 0.0165],[-0.008 -0.0077 -0.0077 -0.008],[0.6 0.1 0.4],'LineStyle','none')
fill([0.0123 0.0123 0.012 0.012],[-0.0077 -0.0074 -0.0074 -0.0077],[0.6 0.1 0.4],'LineStyle','none')
fill([0.0171 0.0171 0.0168 0.0168],[-0.0077 -0.0074 -0.0074 -0.0077],[0.6 0.1 0.4],'LineStyle','none')
fill([0.012 0.012 0.0117 0.0117],[-0.0074 -0.0071 -0.0071 -0.0074],[0.6 0.1 0.4],'LineStyle','none')
fill([0.0174 0.0174 0.0171 0.0171],[-0.0074 -0.0071 -0.0071 -0.0074],[0.6 0.1 0.4],'LineStyle','none')
fill([0.0123 0.0123 0.012 0.012],[-0.0071 -0.0068 -0.0068 -0.0071],[0.6 0.1 0.4],'LineStyle','none')
fill([0.0177 0.0177 0.0174 0.0174],[-0.0071 -0.0068 -0.0068 -0.0071],[0.6 0.1 0.4],'LineStyle','none')
fill([0.012 0.012 0.0117 0.0117],[-0.0068 -0.0065 -0.0065 -0.0068],[0.6 0.1 0.4],'LineStyle','none')
fill([0.018 0.018 0.0177 0.0177],[-0.0068 -0.0065 -0.0065 -0.0068],[0.6 0.1 0.4],'LineStyle','none')
fill([0.012 0.012 0.0117 0.0117],[-0.0065 -0.0062 -0.0062 -0.0065],[0.6 0.1 0.4],'LineStyle','none')
fill([0.018 0.018 0.0177 0.0177],[-0.0065 -0.0062 -0.0062 -0.0065],[0.6 0.1 0.4],'LineStyle','none')
fill([0.0117 0.0117 0.0114 0.0114],[-0.0062 -0.0059 -0.0059 -0.0062],[0.6 0.1 0.4],'LineStyle','none')
fill([0.0183 0.0183 0.018 0.018],[-0.0062 -0.0059 -0.0059 -0.0062],[0.6 0.1 0.4],'LineStyle','none')
fill([0.0117 0.0117 0.0114 0.0114],[-0.0059 -0.0056 -0.0056 -0.0059],[0.6 0.1 0.4],'LineStyle','none')
fill([0.0183 0.0183 0.018 0.018],[-0.0059 -0.0056 -0.0056 -0.0059],[0.6 0.1 0.4],'LineStyle','none')
fill([0.0114 0.0114 0.0111 0.0111],[-0.0056 -0.0053 -0.0053 -0.0056],[0.6 0.1 0.4],'LineStyle','none')
fill([0.0183 0.0183 0.018 0.018],[-0.0056 -0.0053 -0.0053 -0.0056],[0.6 0.1 0.4],'LineStyle','none')
fill([0.0114 0.0114 0.0111 0.0111],[-0.0053 -0.005 -0.005 -0.0053],[0.6 0.1 0.4],'LineStyle','none')
fill([0.0183 0.0183 0.018 0.018],[-0.0053 -0.005 -0.005 -0.0053],[0.6 0.1 0.4],'LineStyle','none')
fill([0.0117 0.0117 0.0114 0.0114],[-0.005 -0.0047 -0.0047 -0.005],[0.6 0.1 0.4],'LineStyle','none')
fill([0.0186 0.0186 0.0183 0.0183],[-0.005 -0.0047 -0.0047 -0.005],[0.6 0.1 0.4],'LineStyle','none')
fill([0.0117 0.0117 0.0114 0.0114],[-0.0047 -0.0044 -0.0044 -0.0047],[0.6 0.1 0.4],'LineStyle','none')
fill([0.0183 0.0183 0.018 0.018],[-0.0047 -0.0044 -0.0044 -0.0047],[0.6 0.1 0.4],'LineStyle','none')
fill([0.012 0.012 0.0117 0.0117],[-0.0044 -0.0041 -0.0041 -0.0044],[0.6 0.1 0.4],'LineStyle','none')
fill([0.0183 0.0183 0.018 0.018],[-0.0044 -0.0041 -0.0041 -0.0044],[0.6 0.1 0.4],'LineStyle','none')
fill([0.012 0.012 0.0117 0.0117],[-0.0041 -0.0038 -0.0038 -0.0041],[0.6 0.1 0.4],'LineStyle','none')
fill([0.018 0.018 0.0177 0.0177],[-0.0041 -0.0038 -0.0038 -0.0041],[0.6 0.1 0.4],'LineStyle','none')
fill([0.0123 0.0123 0.012 0.012],[-0.0038 -0.0035 -0.0035 -0.0038],[0.6 0.1 0.4],'LineStyle','none')
fill([0.018 0.018 0.0177 0.0177],[-0.0038 -0.0035 -0.0035 -0.0038],[0.6 0.1 0.4],'LineStyle','none')
fill([0.0126 0.0126 0.0123 0.0123],[-0.0035 -0.0032 -0.0032 -0.0035],[0.6 0.1 0.4],'LineStyle','none')
fill([0.0177 0.0177 0.0174 0.0174],[-0.0035 -0.0032 -0.0032 -0.0035],[0.6 0.1 0.4],'LineStyle','none')
fill([0.0123 0.0123 0.012 0.012],[-0.0032 -0.0029 -0.0029 -0.0032],[0.6 0.1 0.4],'LineStyle','none')
fill([0.0126 0.0126 0.0123 0.0123],[-0.0032 -0.0029 -0.0029 -0.0032],[0.6 0.1 0.4],'LineStyle','none')
fill([0.0177 0.0177 0.0174 0.0174],[-0.0032 -0.0029 -0.0029 -0.0032],[0.6 0.1 0.4],'LineStyle','none')
fill([0.0129 0.0129 0.0126 0.0126],[-0.0029 -0.0026 -0.0026 -0.0029],[0.6 0.1 0.4],'LineStyle','none')
fill([0.0174 0.0174 0.0171 0.0171],[-0.0029 -0.0026 -0.0026 -0.0029],[0.6 0.1 0.4],'LineStyle','none')
fill([0.0129 0.0129 0.0126 0.0126],[-0.0026 -0.0023 -0.0023 -0.0026],[0.6 0.1 0.4],'LineStyle','none')
fill([0.0174 0.0174 0.0171 0.0171],[-0.0026 -0.0023 -0.0023 -0.0026],[0.6 0.1 0.4],'LineStyle','none')
fill([0.0132 0.0132 0.0129 0.0129],[-0.0023 -0.002 -0.002 -0.0023],[0.6 0.1 0.4],'LineStyle','none')
fill([0.0174 0.0174 0.0171 0.0171],[-0.0023 -0.002 -0.002 -0.0023],[0.6 0.1 0.4],'LineStyle','none')
fill([0.0135 0.0135 0.0132 0.0132],[-0.002 -0.0017 -0.0017 -0.002],[0.6 0.1 0.4],'LineStyle','none')
fill([0.0138 0.0138 0.0135 0.0135],[-0.002 -0.0017 -0.0017 -0.002],[0.6 0.1 0.4],'LineStyle','none')
fill([0.0141 0.0141 0.0138 0.0138],[-0.002 -0.0017 -0.0017 -0.002],[0.6 0.1 0.4],'LineStyle','none')
fill([0.0171 0.0171 0.0168 0.0168],[-0.002 -0.0017 -0.0017 -0.002],[0.6 0.1 0.4],'LineStyle','none')
fill([0.0144 0.0144 0.0141 0.0141],[-0.0017 -0.0014 -0.0014 -0.0017],[0.6 0.1 0.4],'LineStyle','none')
fill([0.0165 0.0165 0.0162 0.0162],[-0.0017 -0.0014 -0.0014 -0.0017],[0.6 0.1 0.4],'LineStyle','none')
fill([0.0168 0.0168 0.0165 0.0165],[-0.0017 -0.0014 -0.0014 -0.0017],[0.6 0.1 0.4],'LineStyle','none')
fill([0.0147 0.0147 0.0144 0.0144],[-0.0014 -0.0011 -0.0011 -0.0014],[0.6 0.1 0.4],'LineStyle','none')
fill([0.015 0.015 0.0147 0.0147],[-0.0014 -0.0011 -0.0011 -0.0014],[0.6 0.1 0.4],'LineStyle','none')
fill([0.0153 0.0153 0.015 0.015],[-0.0014 -0.0011 -0.0011 -0.0014],[0.6 0.1 0.4],'LineStyle','none')
fill([0.0156 0.0156 0.0153 0.0153],[-0.0014 -0.0011 -0.0011 -0.0014],[0.6 0.1 0.4],'LineStyle','none')
fill([0.0159 0.0159 0.0156 0.0156],[-0.0014 -0.0011 -0.0011 -0.0014],[0.6 0.1 0.4],'LineStyle','none')
fill([0.0162 0.0162 0.0159 0.0159],[-0.0014 -0.0011 -0.0011 -0.0014],[0.6 0.1 0.4],'LineStyle','none')
