set (gca,'PlotBoxAspectRatio',[1 1 1],'Xlim',[0,0.02],'Ylim',[0,0.02])
hold on
title('Malha(100X100) Dt(0.01 s) tempo(10.01 s)') 
hold on
ylabel('metros') 
hold on 
xlabel('metros') 
hold on 
fill([0.0015 0.0015 0.00147 0.00147],[-0.0185 -0.01847 -0.01847 -0.0185],[0.4 0.5 0.4],'LineStyle','none')
fill([0.0015 0.0015 0.00147 0.00147],[-0.01847 -0.01844 -0.01844 -0.01847],[0.4 0.5 0.4],'LineStyle','none')
fill([0.00153 0.00153 0.0015 0.0015],[-0.01847 -0.01844 -0.01844 -0.01847],[0.4 0.5 0.4],'LineStyle','none')
fill([0.00147 0.00147 0.00144 0.00144],[-0.01844 -0.01841 -0.01841 -0.01844],[0.4 0.5 0.4],'LineStyle','none')
fill([0.00153 0.00153 0.0015 0.0015],[-0.01844 -0.01841 -0.01841 -0.01844],[0.4 0.5 0.4],'LineStyle','none')
fill([0.00144 0.00144 0.00141 0.00141],[-0.01841 -0.01838 -0.01838 -0.01841],[0.4 0.5 0.4],'LineStyle','none')
fill([0.00147 0.00147 0.00144 0.00144],[-0.01841 -0.01838 -0.01838 -0.01841],[0.4 0.5 0.4],'LineStyle','none')
fill([0.00156 0.00156 0.00153 0.00153],[-0.01841 -0.01838 -0.01838 -0.01841],[0.4 0.5 0.4],'LineStyle','none')
fill([0.00144 0.00144 0.00141 0.00141],[-0.01838 -0.01835 -0.01835 -0.01838],[0.4 0.5 0.4],'LineStyle','none')
fill([0.00156 0.00156 0.00153 0.00153],[-0.01838 -0.01835 -0.01835 -0.01838],[0.4 0.5 0.4],'LineStyle','none')
fill([0.00147 0.00147 0.00144 0.00144],[-0.01835 -0.01832 -0.01832 -0.01835],[0.4 0.5 0.4],'LineStyle','none')
fill([0.00153 0.00153 0.0015 0.0015],[-0.01835 -0.01832 -0.01832 -0.01835],[0.4 0.5 0.4],'LineStyle','none')
fill([0.0015 0.0015 0.00147 0.00147],[-0.01832 -0.01829 -0.01829 -0.01832],[0.4 0.5 0.4],'LineStyle','none')
